0,1,2,3,4,5,6,7,8,9,10,11,12,13,14,15,16,17,18,19,20,21,22,23,24,25,26,27,28,29,30,31,32,33,34,35,36,37,38,39,40,41,42,43,44,45,46,47,48,49,50,51,52,53,54,55,56,57,58,59,60,61,62,63,64,65,66,67,68,69,70,71,72,73,74,75,76,77,78,79,80,81,82,83,84,85,86,87,88,89,90,91,92,93,94,95,96,97,98,99,100,101,102,103,104,105,106,107,108,109,110,111,112,113,114,115,116,117,118,119,120,121,122,123,124,125,126,127,128,129,130,131,132,133,134,135,136,137,138,139,140,141,142,143,144,145,146,147,148,149,150,151,152,153,154,155,156,157,158,159,160,161,162,163
0.0,0.332169911460207,0.2723542229729751,0.2707254965648503,0.2569070826014976,0.312042704451122,0.2730758850425489,0.31759824827090033,0.35477642097840456,0.29885751052358484,0.31186231802629705,0.2793673282553489,0.41607353265834424,0.29411799562281804,0.31825462311534836,0.3210722836937656,0.34235619117407906,0.4453751153146734,0.3328008220918005,0.4637230345372198,0.3321376072753135,0.311180941002701,0.27770147531483685,0.29652242446165183,0.38190938767133686,0.25661071576871913,0.24583337992432686,0.31563513404875293,0.25882708729282905,0.2842981335087013,0.34632179064107466,0.3604703931757619,0.2833761127491652,0.27960619121201336,0.3790486485779773,0.28775496404735423,0.3777731820782771,0.363965662547077,0.2628754528858869,0.337556533745606,0.29478456101348377,0.3042312314756853,0.3503275921246088,0.3206136706362087,0.3192034208955063,0.3703866128098536,0.28600373380244004,0.2951601922735609,0.3639665096154476,0.39409745622250775,0.3763205913192945,0.3417208636258663,0.28796762683678123,0.2894720940866692,0.28175935414399755,0.31896907933969476,0.4793295704899218,0.29592966239258983,0.3371566234823746,0.35547934421400873,0.3110783889314237,0.26996725999945587,0.3303008517008061,0.25621074087974194,0.3233442855057253,0.3525087790791077,0.31026467054443535,0.3412531889176375,0.3080026478353788,0.3662237734980347,0.41540731724796376,0.329415178616464,0.33823048866414307,0.3548442798918051,0.36896776593989267,0.33711691038780756,0.2569648671840254,0.2572433993101107,0.33963725838044106,0.2693437131571857,0.30699396693806935,0.35802064804564543,0.3323643176006743,0.3379655346339309,0.33412838723590055,0.3931944263515325,0.3144650720849579,0.3815729626071346,0.36005809669448313,0.2958549544306883,0.35557351672786064,0.2964018460715354,0.3450012102777101,0.3795596437043687,0.33628062046112495,0.29099417563669927,0.25062620277710496,0.273200186669037,0.25288965038464645,0.3728460593605788,0.29700399551567025,0.27247233947012894,0.27781587562661886,0.2684983820175504,0.37498089209008856,0.33015468663750164,0.31966345483429504,0.3302699263288419,0.32441018747078426,0.30576669662761136,0.3018851273419815,0.3347330807189602,0.3585210198030461,0.28246335721262383,0.35184410821449325,0.3528050324906552,0.3485782617965319,0.3137275860180722,0.2749908230500262,0.2702641458011803,0.30403953542359324,0.26646947438226015,0.32952969712915275,0.38246424840641,0.30483617183861844,0.2985538367090905,0.274695532026626,0.2472058351753232,0.2760961112445792,0.3375893747299146,0.2916978658394653,0.2932674629463738,0.29337388390720903,0.32977532916519026,0.3114056026238609,0.30024045192225407,0.3587884069579836,0.32488750349211887,0.28785293418026997,0.37851341912634723,0.2690884420506934,0.29668853033701553,0.36458248075528193,0.27133242213444375,0.3264067998470362,0.3477667830621892,0.31071239270827605,0.2787083289960888,0.3543612226885627,0.20613869592014747,0.403839646112289,0.3210696999415847,0.33746013227825694,0.239620333051993,0.3291470417499269,0.3716963988898494,0.3064187199927311,0.3069047816648839,0.2943822092718453,0.3298106806414933,0.2601457813832947,0.39870646605563903,0.2503249379900181,0.42237162510420106
0.332169911460207,0.0,0.32319047793900896,0.30373270813995473,0.24374897276723573,0.36039432515075215,0.30888886389124176,0.3737590227848024,0.2879022303286442,0.4419313311136393,0.3010400796443498,0.3077129656822912,0.35388666943180364,0.3510095479110733,0.33148832709586923,0.299394435098249,0.32022424198224414,0.316232524930584,0.32732795282785376,0.32471420744060403,0.3194555135234049,0.3843189277762807,0.2911235027349802,0.3006155002850184,0.37230938570527666,0.2517532155064381,0.24899187626870375,0.2970659241427293,0.3691607841603459,0.24556274581029067,0.34929425172589,0.34723091432376135,0.35317726696853313,0.2672392821123805,0.33560841313002643,0.3292867499547645,0.3201771981643791,0.32202517677158954,0.2928390442968194,0.3330313389009127,0.3513843692067613,0.31018592502466436,0.2617800033253404,0.2938955601023996,0.3911730065023941,0.29643657834225173,0.2830035071691741,0.2758563445950198,0.3354882668255152,0.31449564992038836,0.331636490823608,0.29911932001812924,0.29525408352734184,0.4001764975867037,0.34065437976290097,0.3469347778404772,0.3168030995387554,0.2789516404485915,0.37089601404397693,0.35383855733485703,0.35921151740861845,0.24274519298402836,0.2662465834075656,0.2539020229506064,0.2686031073559789,0.2726989134185593,0.3141410625812912,0.30750855914859404,0.2916690877567488,0.334751477926462,0.31875488895697923,0.32586482735444633,0.2690549070890475,0.35812554026261073,0.3400796554365021,0.2742207009706292,0.2666484530403742,0.3196034696532025,0.28140333153816494,0.24508418597812204,0.28097050874019897,0.30853289062991457,0.3871222187327932,0.3071500485445016,0.2898352711066501,0.4189325469554946,0.2737000043401522,0.293794287622753,0.2938083033662295,0.32153369561148604,0.2778620165389383,0.31427695944591144,0.346027241256253,0.29333967069892825,0.3305526424096299,0.3694077273212121,0.2625811708477886,0.306457763641263,0.23961731492876615,0.3643142859054551,0.30103144684645766,0.2582119253901072,0.23462617200172306,0.2959480221415261,0.3006774699399567,0.29383157011550554,0.2872918923863001,0.3570979701195359,0.33212620023155526,0.3519553017208698,0.2889896774570412,0.2685092180208983,0.32521458503721895,0.2601284880957138,0.3224728339065075,0.37327098355259875,0.3037047332487313,0.2646528110933448,0.3080434864202547,0.26405314588580375,0.27933192822267683,0.2614605906170056,0.2959021937981035,0.358671811987491,0.2709055788034061,0.3960158361718553,0.28348837347255135,0.3107192362665588,0.3711351740908299,0.3174060205942591,0.3181217893914828,0.27842038697825633,0.26442556765019043,0.30974064194152817,0.30449414148576504,0.2601638969756924,0.3024903674419193,0.3299910820064303,0.31122513198787866,0.3026596367405015,0.2926390237976288,0.3292254955025704,0.3888362068524656,0.2822401739592375,0.3209832354411468,0.29397002633853747,0.31369645916300193,0.3030141225193549,0.39739245382781174,0.22055051703438008,0.2759680894003228,0.33522811326834656,0.28170995158675394,0.32336227918981014,0.3192872244474277,0.33523035738164203,0.28973314698031377,0.33138648017879485,0.28985907840593206,0.2824070309975717,0.29788777426212004,0.3477274383564384,0.24644386557865425,0.2897982376789634
0.2723542229729751,0.32319047793900896,0.0,0.2590197397960723,0.266579874403807,0.3157725237662949,0.2501892860655456,0.32456554618151534,0.2555531578470906,0.3637929306034571,0.32242174717786726,0.28565892826232775,0.329505624564585,0.2556873712787996,0.27126320486586203,0.3904993286866498,0.34496046340526876,0.28228973734739604,0.2582289943512688,0.2488459216967683,0.35171926751060023,0.4139944574532587,0.23363363165007445,0.2841558111388596,0.29234044557312583,0.2817374400356236,0.2312734757831977,0.2685439088875605,0.28487442807531066,0.27342536376973636,0.25460412727646375,0.3034711943124468,0.25525257246448385,0.21941533950932546,0.23861187653324267,0.26691291177493287,0.2952731537955337,0.2989803969644714,0.26138412812381523,0.2902796752386173,0.280528585196588,0.29824562368757507,0.2639759632312104,0.2691177293895696,0.29554061438409035,0.2660361638770828,0.2711466096521629,0.29303907696933323,0.2755173399764893,0.26770200248433895,0.29632550187972034,0.30102083129436785,0.20932860898695954,0.32044080560471416,0.28032231586402084,0.2602594350822214,0.26706332544490924,0.32323575037189306,0.27493039747867887,0.2581335815451202,0.2812988134659294,0.22216996897151428,0.29059170553151586,0.22617709932030736,0.21897427642916514,0.23738171187080015,0.25388217273083086,0.32426120532006897,0.30070838525268373,0.3226274991044783,0.30294172620954873,0.22967592386695804,0.2531372862995107,0.39460914976482475,0.3224525003766874,0.20081918051576508,0.2900293760436944,0.29357416664729336,0.24439748347454718,0.22560364501285635,0.2808394318193466,0.27179822539761805,0.33916193458966803,0.2843970312426002,0.2499380902603653,0.35300633125771097,0.23790998813139635,0.23353717604451057,0.24859235735749857,0.24285414065364988,0.29348492279648586,0.22041829912310187,0.2866715644771244,0.2143270890934408,0.26832049805866554,0.28922026836730036,0.2210199905690204,0.25470047044559274,0.1987185737225376,0.2770271850149552,0.21836765986238563,0.2572453350047826,0.212427671712172,0.28354472430126004,0.2510582573734471,0.3210912248656824,0.2690322144789974,0.2943430454071975,0.2681695658785286,0.3149212822652317,0.25861469393832504,0.23120061132960593,0.2660462573696692,0.24570521479399815,0.24481991895178343,0.3419855820816814,0.2261489786341095,0.2871911522482867,0.308984071412912,0.24368453892314906,0.27665220428464826,0.23925520329690098,0.229205553215802,0.3141233339997063,0.2051505003913239,0.3330898298562095,0.24724808562325473,0.28365508086198316,0.3084331157654416,0.26537431536259626,0.2802717737350013,0.3909747936857714,0.22015989434745625,0.23260467174655788,0.2727311623404461,0.22001599710020908,0.24616714119337862,0.2479055609365767,0.27149380853380145,0.2702981152480744,0.22556824743256693,0.26672773844843983,0.2671817603213332,0.25336812888342675,0.27519415316112406,0.23444567319708662,0.3271959148671581,0.2889592934812104,0.33961305907415973,0.2178035614965079,0.22776709611493748,0.2242289137593003,0.2687019067585001,0.32193285506101205,0.3076158904989308,0.2789524299336794,0.28197528547431816,0.3580620124863403,0.20074348003719414,0.25757931824236796,0.26965431125712774,0.2254488166784731,0.23506459251545106,0.2915412722557593
0.2707254965648503,0.30373270813995473,0.2590197397960723,0.0,0.24301278746906754,0.2592684265866566,0.3453170594268379,0.3056455389148173,0.2528771224854104,0.295440557169349,0.3008993138317923,0.28814721794541753,0.2913257855253084,0.2933928347092554,0.31939938907994014,0.265243992593855,0.28975088058142,0.29551584804346887,0.29098149907819276,0.2562228467110944,0.3141286469642604,0.2766066133301572,0.30947945376047786,0.26682344155981563,0.3111259727202948,0.300078616086448,0.2924932088236734,0.2828265381172267,0.2754751590498647,0.22194266627386627,0.2905594195929031,0.27229639846479525,0.39172986649286434,0.2880498300236059,0.2858816395464836,0.31787228580572646,0.3023189502525375,0.3120058791281003,0.2941810281830211,0.35151578059334093,0.31720452512387803,0.2807894256151282,0.25761999252254525,0.2960095705339693,0.31612396217153793,0.2927420907601329,0.20677532838748808,0.25999696560780117,0.31830787168352487,0.2802583893258098,0.36005933281290564,0.2852577113218648,0.25702855558080334,0.3804791275474035,0.32342454685730465,0.2620252693202906,0.3087377935093517,0.3029172560736389,0.3247141210016724,0.3204468370074083,0.3255072071588494,0.24010942079066008,0.26997134216229984,0.23780753933417653,0.2646876684133706,0.2782363717845037,0.38055873805479107,0.24984403215144113,0.2822921283903819,0.314456723014055,0.27444094470874436,0.2732227402192794,0.2963565220307836,0.40737131984389874,0.29627252814260724,0.22984124353657026,0.3417100326466109,0.3091576683894446,0.27967522729852695,0.2156116699230969,0.2480455458608363,0.33626435474393424,0.2691974390314438,0.27540753066515256,0.3350078588225353,0.30933850467551255,0.3119655802149008,0.3153610314877877,0.28195630573738306,0.2818140768461502,0.31832938741619315,0.3038172643206689,0.2727242389750192,0.25337444544358734,0.34239981281262316,0.2832835316546344,0.233270004845344,0.28799435744940227,0.24430672469884138,0.33341995773015826,0.2858531707757713,0.30038039276447803,0.33562682992003884,0.27525923362179233,0.2876415363546624,0.2669708320003912,0.2890911719930356,0.28898226568553886,0.29831989725530983,0.2644276904603461,0.3264034924174422,0.2991535900347646,0.34074118124360564,0.32582704387195405,0.2912666146480482,0.2888676917204298,0.2757511696517094,0.23979367197035883,0.3006519787804575,0.29173511522550644,0.27550210302242717,0.33078692489455513,0.26457835119552103,0.3062596346545735,0.23901769002046624,0.2920144597708819,0.2945970405070508,0.27885280581747124,0.3032596279751406,0.31422495471466655,0.24241904429493533,0.27653397279223924,0.3022330435118889,0.30733572012081556,0.2906625328906265,0.2175080690981307,0.2083396704487195,0.31669515850282315,0.30955127037459734,0.3182833690763569,0.3252432183486223,0.27403343885797155,0.3629723761922399,0.29588995957474284,0.29784827541084435,0.301540468733531,0.28288519763908154,0.26894915157918614,0.2595286519982943,0.20546726194991427,0.320419955277871,0.29441094024750586,0.30935835754841956,0.2633857019369522,0.34195468737705614,0.31674390434101224,0.27872396310408687,0.30633989669261913,0.34804563166449093,0.28979099796012975,0.27084345108381813,0.27913227232371557,0.29845326611242534,0.3021831142124514
0.2569070826014976,0.24374897276723573,0.266579874403807,0.24301278746906754,0.0,0.22085858682896545,0.30194001907624507,0.2307106297848578,0.24668124678245826,0.23820732084104843,0.29587403737006257,0.25641377029181384,0.23115082178924726,0.23371008367764054,0.2719794639838705,0.2747821498655274,0.27279482011972733,0.26239765240203167,0.22408475593073338,0.23189466466572395,0.2977366679572874,0.29052363676158854,0.27405345365803907,0.2678093053444862,0.2478182828974671,0.26009358186375886,0.2354236492534907,0.2156979127698358,0.2237086070794829,0.2751106299717772,0.2581029963100008,0.22412123426794178,0.22906615152936624,0.22142870950329296,0.28508245348466577,0.2710456847125655,0.27009752358537714,0.2688386041809564,0.28432581109601673,0.25433854157106545,0.26005300318150826,0.30424086764414177,0.2594152805452497,0.301054912767796,0.22579999873894022,0.22607737914120374,0.2612909977833051,0.28919443273154855,0.28984737716383036,0.2696068501019174,0.2820887672836278,0.2421672034350536,0.215589676444168,0.2516395700156393,0.2490880434341973,0.22705043225014648,0.2405687415430074,0.3156965338910744,0.24941091448663158,0.2338175385351547,0.20268189369249395,0.20123241924322924,0.23305492011336496,0.2454336912433493,0.2316680216901068,0.1947097077970112,0.23492754168239158,0.26255815590009657,0.2391533201336162,0.27061519900109904,0.26027543417581894,0.23819093245682152,0.23216830957695891,0.2720013557012878,0.23119846039968897,0.19218339021254477,0.259818840781994,0.37567550540453143,0.21677731913124676,0.21469747555288796,0.22978151071457714,0.26930365164992953,0.29375492596416425,0.2054957186624694,0.2409576735955642,0.25028202178486725,0.23484823465026358,0.24159637518748886,0.20863863372459662,0.23259335947615883,0.37085633304076737,0.2623666491385813,0.2966917071290111,0.19583999854098014,0.2650775934475584,0.245416471786677,0.18117413160012838,0.22185610622626672,0.23647900381226455,0.21854959910280475,0.2286703430838859,0.2219202272401088,0.2439435496511542,0.22379631859761392,0.22807614553821265,0.24453734567668015,0.21697749051659684,0.2698008438514022,0.25716980254391214,0.26086788227587726,0.27198536290808334,0.275915909784348,0.22676466122994718,0.26757048227873165,0.2162730438445029,0.254915050515791,0.20872222773234178,0.25262569178156613,0.23629121463225605,0.24849968050328253,0.3444325562971067,0.22983723517661925,0.2179819383581445,0.2935191581642773,0.22992359586670386,0.23044385697619582,0.22502969547661952,0.2575664360357038,0.2257903331922819,0.23804017229597169,0.23005124823930193,0.253030414676421,0.20483609622622614,0.26479309060768486,0.24853554460009689,0.2324386202922289,0.22792655457381858,0.28198186763905897,0.24093382782900719,0.28893145148681953,0.19740684786189192,0.2560850407548936,0.2726901017714424,0.2588630457325499,0.2924856227039805,0.2686227098027462,0.3113493065705217,0.2419742643094786,0.23715814979166108,0.20057368837088466,0.23966471782501955,0.2272414217265934,0.291203158276088,0.258851423328564,0.27788884099683264,0.2618416327534698,0.21688363508826008,0.29105644503809364,0.2168848070212018,0.2287636548241509,0.207894411996604,0.2323232086534711,0.24019329813417908,0.3548569862601663
0.312042704451122,0.36039432515075215,0.3157725237662949,0.2592684265866566,0.22085858682896545,0.0,0.2489568296117915,0.3179275148492654,0.2659999648975512,0.30317255302763746,0.28882865137908614,0.30764040983546037,0.36918321329694503,0.24191457947372422,0.2809609155598124,0.3263645233123768,0.31349636778665124,0.24043900059514248,0.3092606610306208,0.2911312078373691,0.3289761584644748,0.3117992507531152,0.20700858240904668,0.24429872568137073,0.32337081601897366,0.23811442936997754,0.20416219242755682,0.251283787288514,0.2715704642724728,0.256749422003517,0.2993022674256286,0.4024249501841571,0.30110163793201217,0.2415024969542748,0.2649011570072455,0.2642201721287414,0.31114709156210435,0.2691715203143916,0.2591942384819345,0.2502212482155922,0.28414788895209436,0.30509866036255756,0.27959504576477967,0.3161203845342076,0.277812945039667,0.2571255936768767,0.26665888352328154,0.28275156294559434,0.24021965805488896,0.29511696148689043,0.3146647636356667,0.3422193832572938,0.23269577997445026,0.3288825660277517,0.2719779709078739,0.3276496901892483,0.28936391084076735,0.34940163360622867,0.25133209005877893,0.26448315404309847,0.3420143837894661,0.2709473158572681,0.32143302118355416,0.20582225041822036,0.24409430565245,0.26294207845258516,0.2629602715794425,0.3273951367021112,0.24353529740571492,0.29145450235414655,0.3216617113560693,0.23370973130130437,0.27334149188906254,0.3191705749556405,0.35119545803583246,0.24305696989178016,0.26871643285219754,0.2629599585359719,0.24688731913811673,0.3011036153103063,0.3506054077475845,0.28078838510532583,0.32382219788245253,0.3067983695886846,0.27478026338123945,0.30590628171313977,0.298411985968635,0.2623536883341007,0.2864466684384936,0.259349299761783,0.2822518664224832,0.2917039526639738,0.3025643785744842,0.253851474846193,0.2559056486062788,0.3283431054488901,0.26298577777944593,0.3010889634334003,0.21359101134514666,0.29641087762204166,0.23443314876633714,0.25464290483046104,0.2341209189767763,0.2491291104176758,0.2940901376771372,0.3284510935896206,0.31492514241994995,0.2889784187755475,0.26134645656854805,0.3139910093738658,0.29180584261528997,0.23518271480884556,0.3605759394477588,0.25709285939571064,0.25765528078760674,0.3148052739777525,0.28773665363723816,0.23665888495820886,0.3547089296838655,0.24465039550342288,0.2474487493317679,0.26323575555254414,0.2839117621421266,0.32486915439926106,0.25667434113810517,0.33198779868823536,0.28376187503387496,0.2619150783847419,0.29661402838666445,0.24416511276002925,0.30107114392798145,0.37350185610057435,0.2497876789867785,0.27059930033020047,0.2717960443329491,0.24247238192599302,0.2900843844090822,0.23893660890353424,0.2294860575390452,0.2658005927810411,0.25889253744727053,0.31624691928282056,0.2813327649665322,0.25963646474433943,0.2851229177397854,0.2626374177696069,0.31476268269932145,0.29974995602181176,0.30571510259095913,0.21745695639622875,0.2549220052363411,0.2778579089904746,0.22666882141050365,0.25921032738699634,0.32705740987123577,0.2832733860885596,0.2620634600916565,0.3484334442721507,0.2308251419194723,0.2935567866806012,0.24233863659162477,0.30628652403493056,0.23236358508184307,0.271240441842261
0.2730758850425489,0.30888886389124176,0.2501892860655456,0.3453170594268379,0.30194001907624507,0.2489568296117915,0.0,0.25184416941303717,0.2481668630344837,0.2835491320007213,0.3128726479276832,0.347008121859918,0.2766346824243612,0.2606649310370645,0.37289557497546716,0.2553507161893687,0.2711944869934421,0.2781775055234689,0.29594154978151493,0.236925693505299,0.30308292254856767,0.3195763012525146,0.38871823205725403,0.3465376019720982,0.3094578192690527,0.2795729752011902,0.27250193946883594,0.2551490742951351,0.29109686549494407,0.27812635336295766,0.29852810657543855,0.26460041713830423,0.3286307718700721,0.29214038784761326,0.2691677381478881,0.27277620934961816,0.34587946194274477,0.2646719444377058,0.3286004004319368,0.34544821665868314,0.3355356960147839,0.3006113774191273,0.2789388746720467,0.3245186126729205,0.2938476504801764,0.278009229675551,0.25344752271517207,0.2722779007823255,0.416866445243318,0.2527057822608423,0.33994706864015206,0.2596067703935816,0.23124705444172683,0.34452232847011655,0.34034867079506576,0.27252022648109553,0.27707459114492333,0.2934663496863397,0.3008954058796849,0.2723782325137621,0.23825003119290233,0.2138984820277933,0.23207667650345137,0.2356170779541595,0.24106083873332107,0.21713536169195638,0.30364135543810505,0.2933023446799414,0.23608726644191858,0.2707299850585971,0.2947058437519887,0.2545666514259724,0.22609998185696675,0.3287172635495841,0.22279657037427503,0.24581201284858764,0.34936611136632106,0.37064329762875803,0.2410981524980497,0.23118184363642147,0.2528123719921465,0.3017016568220773,0.319924469412774,0.21440069031395217,0.25748273096544944,0.2822662545850623,0.2521756329034949,0.2690072129047462,0.2568128524882867,0.2776186981765732,0.323040667454439,0.34296739300120954,0.3137524367197538,0.24882007566165387,0.2886954458336938,0.33370381391156134,0.20373933702625605,0.2841890599443846,0.23784023910580843,0.2763162885195609,0.286933386865437,0.26996913342055867,0.27654070135044256,0.2722796369444259,0.23282369295126043,0.2677917396324979,0.23901696942111814,0.28296262923281384,0.32494308296646124,0.3172024589306214,0.38554981259634613,0.2706458841600862,0.24611577506818613,0.25180745981634833,0.24681683353327863,0.28823540778919665,0.24771865037742322,0.28881311552808336,0.26252782816161857,0.2450247550669501,0.29071561851426403,0.2529211563999028,0.23768984855051728,0.3681997399793907,0.2339407123841415,0.32662629569347046,0.22809644293970516,0.3250367664745292,0.25540479812558603,0.28596825019427996,0.23034347017765633,0.23474683308210154,0.23867336924297924,0.26444112475062337,0.25830917502557016,0.2470543353616167,0.2616863689816518,0.3256454561682945,0.280811173667213,0.3335314544006247,0.2664586605974854,0.2599696123607791,0.32132603289443873,0.2571496731866089,0.32028602907966275,0.31536628171687026,0.31646316401477625,0.3014338095980515,0.2573099056650493,0.19035446099634615,0.28381273552954556,0.2824044906912941,0.2975967394070236,0.3039144754231824,0.3552958252541923,0.3154302983734476,0.3064562867078655,0.34010868219048335,0.3049839461312241,0.2881643465570284,0.2544285149847204,0.26169354152291857,0.2766361812581441,0.33223574280241974
0.31759824827090033,0.3737590227848024,0.32456554618151534,0.3056455389148173,0.2307106297848578,0.3179275148492654,0.25184416941303717,0.0,0.31944893179967027,0.37091518926685213,0.2717340256831362,0.294928616219424,0.36040457153882705,0.2912010330897771,0.28846234873947074,0.3371339229562337,0.3459514091406287,0.3050959224092509,0.30429195630793643,0.32362795554581153,0.3443414085775032,0.2933915918660973,0.2689104966415269,0.2513900281066683,0.3573748517794199,0.26209642505989034,0.28332686929609985,0.31954095233132657,0.24315153921727875,0.2595145130317928,0.3875738444932876,0.34833608374716146,0.3016376891627898,0.28504336772418726,0.3178889877092129,0.3433507694471805,0.3369813885428725,0.3643829109931702,0.28453080799918745,0.30510181247759177,0.2964108212140445,0.29889667482959087,0.2995406263505439,0.2771220190579025,0.42637791496184446,0.3110828763013109,0.266520678726307,0.26519196420645824,0.3113324529702725,0.3213946691029885,0.3271092505018113,0.2905468997395159,0.25917161352997636,0.3162642158509447,0.3001712882545175,0.31483698367787355,0.31274278848359915,0.33944015948319756,0.3429363190947491,0.31901539280776825,0.42059350017477476,0.2530131518486743,0.3007368003994353,0.26825051590832144,0.2574503785270766,0.2839545944164754,0.31726289254457296,0.2944056385809876,0.3410205431496876,0.46060734366902123,0.3094783999628604,0.30750476590229087,0.3025660187819292,0.3925460802111843,0.3961918829191692,0.25814257055260853,0.3066685128073602,0.27455506931678864,0.33439637028577424,0.21898731117121742,0.2693821716513046,0.3263048905537536,0.3295938226292637,0.34979602000532783,0.34010325690742493,0.4342023396759551,0.3786711465228636,0.32741909712818135,0.36727994613094705,0.2966848361217864,0.2919861193493233,0.30523553145838134,0.3036107159526571,0.25884175869198117,0.3383670348296167,0.3115616838805409,0.28667669158028597,0.336674311985509,0.23738484923432662,0.38184054264448714,0.2684862802700503,0.3498791152263574,0.27591960657243136,0.3102289033459346,0.3566103139304513,0.34662364646668503,0.3397081076416049,0.36626892809996847,0.2979978235292155,0.29775786071089466,0.2691531292979777,0.2915107893979245,0.35327535262671944,0.31474742636260267,0.29919758132013835,0.334000348098017,0.3129506416309672,0.263943014579473,0.2890872360245837,0.28662465917892915,0.26772959318327416,0.367414510434216,0.273399569282306,0.3119754968775202,0.2509326099154033,0.2969733938512127,0.2965345011556823,0.3206772443819642,0.3403415254564127,0.2998598282500987,0.36048046738404393,0.3217905303602544,0.3009541223532069,0.27494343212126093,0.30702037854912617,0.22572468830431386,0.2723727048047032,0.2907640303798239,0.31473360867536226,0.3324420998260946,0.2695664734131465,0.29139467022079635,0.375991060747657,0.30545927935980954,0.3163777533786451,0.3189854450020157,0.32449736304119003,0.29059778004805537,0.380108862872618,0.22353162513623048,0.3188995347120335,0.3042848895211691,0.28690799347631,0.292824651054622,0.3682823629354829,0.3568714004889356,0.2624334137146264,0.34039743991433596,0.24372209337536338,0.2889324943968554,0.27844421115876383,0.3068714920056464,0.27572505224290295,0.27107439466354954
0.35477642097840456,0.2879022303286442,0.2555531578470906,0.2528771224854104,0.24668124678245826,0.2659999648975512,0.2481668630344837,0.31944893179967027,0.0,0.26426090739012814,0.24354117238389306,0.2518263207959812,0.26560688721291115,0.3300545099990398,0.2593528142511376,0.27103443641857516,0.2724201829681042,0.31794380303999015,0.2592173860639291,0.32135628556232254,0.282409740176846,0.3312427073865868,0.23617911342157524,0.23030814255264684,0.29451919144937794,0.23621717992302235,0.26591584761934967,0.2652139712125077,0.21783719520264103,0.31122723982273254,0.36141405258025505,0.29401055060942194,0.2520809835823495,0.23998415964796452,0.3375127227174822,0.2810267956841047,0.2787222677640724,0.36347015407133976,0.25458256802318385,0.2601719365813387,0.24134245493348505,0.35099297224787857,0.26619761893089716,0.2681958104687278,0.3052053064932628,0.2586614953812665,0.24690200843629195,0.23297940144128965,0.27835261677524886,0.3074717758949944,0.2830568925347678,0.25815470960712755,0.2637402748997186,0.2677726861261671,0.24945603025273475,0.35739444275229787,0.30188911732498147,0.28153640320670625,0.29245591818199757,0.2615267270754714,0.25908818504353304,0.27533778180623875,0.26085578884094696,0.2783233854264497,0.3020771364645561,0.2658121678254329,0.310054199942892,0.29446717773457987,0.28978313381715143,0.32897533077272306,0.34711824505094657,0.3115039085673093,0.3631103460186962,0.28542832165536675,0.3132021859722968,0.26163950132788016,0.23772932493187662,0.23093859464371908,0.273220023790793,0.22586568061566983,0.24719030555319838,0.4287882517527502,0.31472662850964306,0.2569622927593161,0.34110913980400137,0.3518670513428016,0.3079563019550111,0.3590221136319929,0.2859328694800055,0.3455527696951192,0.32595943904315045,0.37007581040421456,0.26605672515143675,0.2553912870876293,0.3865918886684496,0.2988336325614265,0.2904797487888832,0.30003943510931813,0.3304345167635287,0.2865338652666374,0.29068337226626695,0.2505904022101612,0.2987471051209204,0.2534805892290489,0.3649955235804677,0.26872057218044865,0.244666751911399,0.2901261470315673,0.24427711174540337,0.23950805056966848,0.23820606939120223,0.3394851440562896,0.33001099422474633,0.3430129130276431,0.258653917604921,0.2890911721509986,0.2749089336205373,0.2625604319442669,0.22677232680777662,0.31984354762694495,0.29133148168485723,0.2957533373106198,0.2888001074157569,0.27815206999334124,0.3897734800922644,0.23195275358085488,0.3174883303315567,0.24682374971004772,0.24747884330793768,0.2904989028314389,0.41150196440750236,0.30802396574668234,0.2791486850638564,0.36902288724463295,0.2726556196687991,0.24918438006672652,0.2544328496923129,0.27445662565356643,0.2781466082113266,0.3254643296816501,0.24585000600822893,0.30702855509543747,0.36612824497839647,0.3564724490959028,0.2859706707111628,0.3372702536807072,0.3673568316666552,0.23364825331778658,0.3094765100253686,0.21999347607493716,0.34248508461340443,0.27231345201774226,0.28386383845248037,0.25758920105207445,0.2764646472790652,0.33569195450456246,0.2381279758397023,0.2710348062448782,0.27685225927981244,0.2850641382313156,0.22345659057577077,0.34469313567826215,0.3179679107006989,0.3095133397202403
0.29885751052358484,0.4419313311136393,0.3637929306034571,0.295440557169349,0.23820732084104843,0.30317255302763746,0.2835491320007213,0.37091518926685213,0.26426090739012814,0.0,0.2730295528057258,0.2828699511882695,0.3263805289506221,0.2871793828369675,0.29047344578402057,0.2995192447048025,0.3200871222219139,0.3209861276984414,0.29774289713736185,0.2795867569308135,0.29561624910688294,0.30345711854592594,0.29921391281246523,0.2607885180049991,0.39766318304315285,0.2334421121608136,0.2532000686608248,0.3068866809199697,0.35119675762354546,0.2449331349514771,0.3275276181811202,0.32391343889063656,0.2660354706367878,0.2579650169898599,0.2885814222744695,0.28086727946457013,0.30723770578767634,0.2923981844020744,0.2505051440415392,0.3054556790470104,0.27035913133711925,0.2963533393055314,0.25956230713861583,0.2568504966220326,0.3231432760780772,0.28104193066601857,0.24634390482810029,0.2588169790630999,0.3434670030454874,0.2562644523407351,0.2997094394544293,0.25852124760710593,0.24436780890428275,0.3186552602709206,0.31328606792206815,0.3065481656395102,0.28066848309258463,0.2687744379763431,0.3556776029323968,0.2873358262267699,0.33624672684930346,0.22226358571196878,0.24270134394469584,0.23270942498889868,0.24464533413874964,0.2514150061760236,0.27812319281600956,0.2830060168509031,0.303949607347083,0.36377313824542634,0.2692580934570541,0.29435125180945837,0.2467238839385249,0.3581474371514589,0.31590626743465366,0.25591091147589956,0.2688942435852597,0.2961019380502316,0.2581805826662499,0.2391515283684111,0.2846272518399062,0.2810957810500867,0.35068874737658334,0.3012949760826191,0.2766366817316618,0.35115988723850544,0.2735841490769353,0.2897732294366311,0.3138888046482229,0.26449070486909654,0.2618905136162018,0.2692689710544131,0.3016617678701789,0.24194721756527066,0.30276395861455535,0.32285552125384354,0.21798627482097163,0.28961489086509595,0.2205859493310112,0.34459451556220067,0.2692675873238191,0.27254932779945396,0.23941835322621638,0.33591950879059157,0.26110222189773047,0.27861372752753955,0.2782034376898456,0.38854898038922414,0.2867255174586868,0.31332940074253995,0.2613686297949805,0.24446237554380637,0.307721626387956,0.2815136842378884,0.26825827729304236,0.3298997260405976,0.2996937965089232,0.303143077883602,0.297249712043335,0.26697354789643113,0.24577116514161487,0.2655888180148624,0.24294887855031705,0.3299700081445719,0.23566833942364662,0.360903253996541,0.266341762083993,0.2623871968429172,0.35129573988260937,0.28052549296131124,0.33362281669220717,0.2763555280954542,0.26169317100803213,0.24759519194439586,0.2713183717742908,0.22761553966528864,0.2690905387694142,0.2801711617962027,0.3008961031662093,0.30534720531464316,0.26645035218825686,0.2847816524256027,0.3359986109254521,0.2465030983905608,0.28453493866520385,0.2808115131976579,0.2609854358333693,0.3292650255144217,0.4368084646698014,0.2170925423400685,0.2596034869999027,0.3187597652432546,0.2636880447630787,0.29981746088316485,0.3271745977424402,0.31679837633009317,0.26098856274369403,0.3545632677334187,0.2574982322980731,0.28884625463437535,0.3258649620636244,0.31047953396966005,0.2676474362896779,0.270787132330113
0.31186231802629705,0.3010400796443498,0.32242174717786726,0.3008993138317923,0.29587403737006257,0.28882865137908614,0.3128726479276832,0.2717340256831362,0.24354117238389306,0.2730295528057258,0.0,0.3516914993629348,0.3390479963788395,0.2595306673027106,0.271749741304557,0.36673056176440993,0.33837356032747373,0.2918942011925405,0.29171994934392065,0.2689139141410102,0.3377278867591558,0.37028294709567194,0.28955694638781093,0.3156830634594841,0.3319122344547952,0.31393766558178127,0.2770657521690845,0.2942842403243702,0.30148008708737184,0.27843733006796706,0.2701343623615952,0.3113197293175279,0.2580430026771093,0.2635326711171206,0.2844067509960942,0.3032021221596361,0.38665721353499277,0.30056991217442686,0.354623132659855,0.30590922128237913,0.2748545758096831,0.3113572131055427,0.28154094403245344,0.33681053014675605,0.2924580213739681,0.2554101631221748,0.21359161390401676,0.38967011529342227,0.3479146768417841,0.26393095974491265,0.337130382054688,0.26062604839443965,0.21073505000110082,0.36396007476898634,0.3745692130352857,0.23366090318618185,0.29716559607936316,0.3695762639823114,0.28870062526539336,0.27511350095152604,0.29933535311880405,0.19916835072393085,0.27989079045510745,0.24376809276609193,0.21171304849846284,0.23588127006253826,0.311761461323581,0.2856012306406482,0.2936084130111985,0.3110865457842376,0.29049874228862416,0.23856465607020064,0.2891930647652662,0.36958585892367674,0.296572729351409,0.22777783188698342,0.3754960409354786,0.32493057027560845,0.23960618002044407,0.23055712601981826,0.2555910420504041,0.2568660332007788,0.2926289432516077,0.27016788425518656,0.25636884914110397,0.2827388098852845,0.2927108046568423,0.25688434847548264,0.23810476399590058,0.2645907020519604,0.37299323409098883,0.22950446782778097,0.34294823570372807,0.25154269804592055,0.2710190350613405,0.2981638703490412,0.20589108897782613,0.22948654125179463,0.2138674315281545,0.2605188193986636,0.2779563435534683,0.28691035621782135,0.2471425220710723,0.22957916941183834,0.25388056945149484,0.25480713613634315,0.25241453043012974,0.2973319392550386,0.2603156298357487,0.3574063294239298,0.3955259873334634,0.2698039625845741,0.2812920917573543,0.2798986997767176,0.25398964414819764,0.2960904307979322,0.23679363079995722,0.3014022391289122,0.31822958143851166,0.24607756929082514,0.29467615475555886,0.2308714422260579,0.25916107642833797,0.33224387436476005,0.22807854248702217,0.33795921806964174,0.21731641570799923,0.311177752909312,0.2807970180552317,0.2525273033779114,0.22972734392683647,0.2940491407897312,0.2835481184450157,0.2824583441401257,0.3411622158469411,0.2245334463526762,0.26814382843963697,0.2697670233080759,0.2958842498601621,0.2974056487227053,0.25140315211310743,0.29476125189389973,0.26240631881936793,0.26971724856652873,0.3703782268661833,0.264865731899739,0.2848058793139164,0.2584298975246662,0.27010855217980106,0.22376749082017375,0.3197743125010567,0.24646026690102643,0.36480928556590936,0.26778090820203293,0.3016205671874596,0.30804681557661445,0.304801478322037,0.3145972591319771,0.2582141172359223,0.27610989549405396,0.22480701236004172,0.2688562244078112,0.22087264827607755,0.41848776169802
0.2793673282553489,0.3077129656822912,0.28565892826232775,0.28814721794541753,0.25641377029181384,0.30764040983546037,0.347008121859918,0.294928616219424,0.2518263207959812,0.2828699511882695,0.3516914993629348,0.0,0.26490349648047257,0.2059490887249388,0.2748715858013042,0.3101746451551532,0.29596186421800086,0.24001758374690985,0.3458392508326859,0.26172074416441354,0.35863365761374105,0.2939942597419249,0.2845864154209971,0.2930348178589913,0.36822538074555006,0.27310865497954984,0.25587997898216036,0.24127017214468982,0.26600632064158897,0.2950696613009472,0.31569769633087275,0.3153214846361211,0.27220464682758067,0.31327596588000517,0.2544809716189907,0.30131469453938187,0.3326349746463993,0.2739865984578788,0.37482233366273887,0.28463312154157905,0.287656406196001,0.3020376427632036,0.29396272363626835,0.3265706995313476,0.2942705618747166,0.26949461880454606,0.26992603579657837,0.3127037161516395,0.3149857572987246,0.27421457199385324,0.34923177630915153,0.290925859948871,0.21026493283585132,0.3535310900785653,0.3755672058454851,0.2609981964218469,0.31014622510613005,0.3868930647807565,0.24785636802241054,0.2674706882198509,0.24561830568132753,0.2120802683999425,0.27022419108617013,0.23837910728454867,0.2220072743884704,0.2371904862432829,0.25580614163221915,0.2546199188732337,0.2359012775981292,0.2639674905492508,0.2714070152948752,0.22394295891281113,0.2457986113322435,0.3094334909665989,0.26177955487756044,0.22817263846528135,0.31001821433753957,0.325031591531264,0.24361653436030112,0.2143119353969616,0.23725637665328714,0.2854224918905471,0.2951669226072337,0.21932623604511114,0.28410505921601226,0.2925920367520536,0.2622610374636599,0.2653049104223619,0.2739249873947208,0.2722289610638067,0.32356237597859083,0.2940014806916773,0.3127512896612158,0.253415222170299,0.2528182492662869,0.363196350157306,0.21308042293766075,0.2991079720569242,0.2186330886827635,0.2602571704917114,0.2344272906453098,0.29189472225996244,0.2914193730759017,0.30972137889820944,0.2532495284501934,0.28038803672396045,0.28572990416892,0.2819052852015666,0.2649173435540076,0.34903942375783126,0.4681971156897951,0.2992864351040832,0.258827795517679,0.2700716890425487,0.24289341537713066,0.28154467342228967,0.2532095159683855,0.32853847747971476,0.31257160707371856,0.23260252910796347,0.2594441399675743,0.24952208949916044,0.24965618848163748,0.31557703460827446,0.2068231356396781,0.35526834436844046,0.23106812935631102,0.33046524873113786,0.30874105766016985,0.23533945772587755,0.24062101288269186,0.2649362677007115,0.2249393489630046,0.2728975156647974,0.2869000973146748,0.20541626162533463,0.28597804562095375,0.26467503998494696,0.26302618546559997,0.31694082974572096,0.2162962520683838,0.2719478433726563,0.29380701013108307,0.27655749878086816,0.333816821045967,0.3546344207134243,0.3503521733016315,0.2522879312374406,0.3254382282591255,0.22155678604391535,0.30107619128794183,0.2621349635166705,0.29952803880459716,0.28591690234043393,0.3899421223471439,0.2661110102113857,0.2500826424830025,0.32933666646846443,0.22378361590979903,0.27226984831948786,0.20015340966522696,0.2463543720391466,0.23051902751835837,0.3064747054099793
0.41607353265834424,0.35388666943180364,0.329505624564585,0.2913257855253084,0.23115082178924726,0.36918321329694503,0.2766346824243612,0.36040457153882705,0.26560688721291115,0.3263805289506221,0.3390479963788395,0.26490349648047257,0.0,0.3076898878467381,0.3334276482323269,0.4082827723772961,0.4048578444966954,0.35820928235682115,0.27417470016490153,0.3707437122146452,0.31036878567558757,0.3191368469438863,0.27573234103173916,0.29371913294756613,0.3301563672518103,0.28850453730230985,0.2868897046174205,0.32508746584516895,0.29683280465464956,0.26981587259701056,0.30734073133791306,0.424376509380772,0.3134338676388125,0.2617679019716448,0.3059947025435125,0.2638555521065973,0.43282457837240407,0.34093113210243325,0.2732501792126627,0.3572141139249811,0.31830137576417794,0.28599378334748793,0.3200272925763323,0.2877841326846871,0.38266227447656437,0.3802103788001649,0.26502732987807165,0.29249906198917885,0.3298962891307567,0.3425278669323249,0.33584824868981894,0.303509483197771,0.2553797758417997,0.3167842543235842,0.30112703375856303,0.2984452851920987,0.36234206439605915,0.31319045230200254,0.33949916378630857,0.3638645398255457,0.4067811061513711,0.2641536399143333,0.30316440885897494,0.2317487844332772,0.24127505105678526,0.29876549450230844,0.34925056254966336,0.34873006475877394,0.32443605581469026,0.3594592325543087,0.3479666168177622,0.2953478991951554,0.28440578324980365,0.458942311747363,0.3921437791662841,0.2824483655624219,0.3303358436245911,0.3033192010696174,0.3114412977233651,0.2796932120320811,0.31181896768150624,0.2589433290304525,0.34330177729162725,0.4159109181530019,0.28631444091716174,0.3825598256198254,0.3115997699337542,0.31422279445960877,0.3606006331749184,0.29037150347790935,0.2898150119456467,0.24308039514002994,0.3365402238267288,0.30242853524858504,0.2784999484377354,0.28984631065922006,0.2459026125661499,0.26469171368604183,0.20818756254883533,0.39273756100932644,0.2974864140732684,0.2870931437788898,0.22512042677442456,0.2348315127237461,0.309595539368127,0.3980736001174992,0.36377425486144543,0.32302281968095414,0.38125777616164264,0.3243073725748322,0.27791251334139166,0.26011015533901,0.3413235042319099,0.28969250822910897,0.32128887218030394,0.39296298230612303,0.31126305051683445,0.27997960824948626,0.29139060094812186,0.24488596257986187,0.2838926216822196,0.2585150611960338,0.2818758876078846,0.3624104040302467,0.24802333914075433,0.3697632838011926,0.26220879668614017,0.3144362265907865,0.28958995532531145,0.3304086487892143,0.30084280955578496,0.3378548924033493,0.32627992861282457,0.24622072308378726,0.2992006967964008,0.26486395186879613,0.3437568369570102,0.3038687836495345,0.2954985883351961,0.33068410141447296,0.2724835378728688,0.30574611337703866,0.30399772829970934,0.24937161642995564,0.3330648145010337,0.26177492916587597,0.2756787276013423,0.34865833293288395,0.3069498674839393,0.21141467891615698,0.28763402325055876,0.2755805059207517,0.29567831788920756,0.28847801698238407,0.31209413694870825,0.3645818731470037,0.37858224112774214,0.35439999029902586,0.26805963397880056,0.3240604050250564,0.2909994545212507,0.29922989769889163,0.23406348268678592,0.31150601014393003
0.29411799562281804,0.3510095479110733,0.2556873712787996,0.2933928347092554,0.23371008367764054,0.24191457947372422,0.2606649310370645,0.2912010330897771,0.3300545099990398,0.2871793828369675,0.2595306673027106,0.2059490887249388,0.3076898878467381,0.0,0.2543466834151453,0.27923881680635965,0.30519975961880597,0.34188011124879325,0.23371221157236405,0.30378625252878766,0.27116497456077837,0.3044708858803307,0.26287406124058793,0.23592960463692392,0.27101632788359287,0.26853827872254715,0.28476511796805987,0.30183490792450757,0.3221655856752539,0.2329259848762655,0.2811757385129729,0.2830602301460504,0.29087481320193226,0.2413533379142778,0.38251250715164714,0.3169496644009993,0.27550762164332854,0.4180625565764376,0.23644720984901219,0.31282980254461956,0.30236907977452665,0.272730328482758,0.24655315152584215,0.26404244733836807,0.32799430197333074,0.26746080372686226,0.23972116940054314,0.22940002126140552,0.2997073020957492,0.31426823918518165,0.29356362989125834,0.2613821749226693,0.3036398567310616,0.2937213379656025,0.2711588746659283,0.2990502964090839,0.2999743831474746,0.23636558619650097,0.39134759639902145,0.35909689466208966,0.3001851257059588,0.29316584365346043,0.25321093689634144,0.3441972074118612,0.2725193159574188,0.2669448772894757,0.3546381570507035,0.2826731015728235,0.3325477343719793,0.3224241124744829,0.3012834937347608,0.43318920858907584,0.34642621045201943,0.31334436208539723,0.31171792691826317,0.2872206772047216,0.2574689938636541,0.2679742002903484,0.2842840064692104,0.24804791052436817,0.26247725152652984,0.2861178476627084,0.29185652986223004,0.34426059228398126,0.3071797326047805,0.35525703315004004,0.2744697762647992,0.3486187759895856,0.2963644732859275,0.30504763671095547,0.29257469491834676,0.3184767916831022,0.294192000066706,0.28194387812757044,0.396581887760175,0.2628071406660988,0.27910306292713677,0.26716776391808156,0.3298262399875219,0.33313931300249955,0.40563243395183507,0.23743976176053017,0.269708976460796,0.24441516644738923,0.36097505924945117,0.27286260188390005,0.2555284353058075,0.28944940778820427,0.30795824603241045,0.23780878451621376,0.23691220353883022,0.29536462652201023,0.32718678838140003,0.3506189076854417,0.31779849787203795,0.31641311202811867,0.2775558161324535,0.23720189712584597,0.25172742646090807,0.37811530463530185,0.3139859979540546,0.28966690836342573,0.29289250488045326,0.29051488695461164,0.3477500246967497,0.27552157258360244,0.3480684839626485,0.2705259628560401,0.31063599374606393,0.34908294928447775,0.33605306283028524,0.28051731462026835,0.34175926361515985,0.336425195662506,0.26027275774171726,0.2691726801395017,0.24194081467019654,0.329286324127252,0.30164786889833173,0.28681659979889884,0.31626771342973253,0.3916250885902631,0.3606474500570608,0.31332053995756703,0.31634593183872056,0.2665702428898926,0.25138186393795986,0.26568902817362516,0.305555749324332,0.24281793825980416,0.27666107146099234,0.3069852559415722,0.27408945264838025,0.263512773862268,0.2512500636243241,0.31681465481143567,0.2666350320967268,0.2554373086553839,0.35552700513146346,0.29827138454037155,0.2864473843253564,0.3595317808115161,0.30567533622975857,0.27880742714369
0.31825462311534836,0.33148832709586923,0.27126320486586203,0.31939938907994014,0.2719794639838705,0.2809609155598124,0.37289557497546716,0.28846234873947074,0.2593528142511376,0.29047344578402057,0.271749741304557,0.2748715858013042,0.3334276482323269,0.2543466834151453,0.0,0.253452834492647,0.2757198941224164,0.32152774215662394,0.2879132165143772,0.2798112108272419,0.29728947561683755,0.34388745856665154,0.2597102367325679,0.3450403441655092,0.29229449308328553,0.2567908151993191,0.23694791553086156,0.23867950018445697,0.2751630497768104,0.23495081856129874,0.3759981726474008,0.28547261351733716,0.4221171235036753,0.2373485467994159,0.287302422167385,0.27427072287503773,0.31781127787947516,0.2696716259636105,0.33223996496249397,0.3278144651272081,0.37372291739248814,0.25271204889554216,0.3501130748623556,0.3131215208077997,0.3261073728609405,0.3381166877658503,0.24934453750883814,0.26936353634290916,0.3053749901742272,0.31294338707575015,0.3662663603992668,0.26718093445027646,0.2412519973090416,0.3627937342325851,0.30862714936889324,0.24300628807117078,0.3076179670320065,0.2674613059274133,0.33343446661784426,0.30082050871880284,0.2850851011590599,0.24072498901421943,0.26492810151875434,0.21080809003197007,0.299655256367752,0.2605989892193002,0.29378498053928004,0.3373192323478333,0.2743547086036239,0.3009218858405312,0.34437277825070944,0.2731750309654123,0.20796917722240899,0.3548031919508528,0.2713780100022445,0.2359957712313866,0.2751637193146624,0.2935106669799487,0.2865709618968651,0.2159817570624768,0.2622852218855799,0.3269834684762054,0.33359055422246453,0.24945280189848065,0.2437253333161805,0.30660793729397307,0.2350773630334631,0.3005550667080725,0.27441935416509644,0.25810001802886084,0.28195744475343243,0.29249134866658844,0.3238579056376697,0.24674990580923167,0.2649617369812885,0.30949207825951397,0.24626160676850364,0.2458435635428997,0.20805201804359064,0.31878854426618736,0.2843157402420108,0.27419207854643257,0.2423319505757858,0.27250310650659776,0.2743763143065351,0.3029898846273452,0.29926589522691655,0.2486498593398978,0.3718831652512614,0.28076562874576066,0.28364953379727786,0.2405580302027154,0.259071866311009,0.2301219057537612,0.28464192689131573,0.2891832274937213,0.24962513675780243,0.28014586263848684,0.2292154007705374,0.2150278639711487,0.27541492643833465,0.2473487460208503,0.21417166655820877,0.37270636711361443,0.2285711135065925,0.35391713835392513,0.2244354755661171,0.3049019923179758,0.253112853838256,0.363276706950747,0.2295435694125168,0.2546147928749521,0.22023670835861495,0.24328191355605255,0.2864111654381404,0.2956035543077673,0.2798227289419535,0.3785480693636051,0.28472988128373106,0.3504075905588339,0.3061234050865941,0.24103851197661338,0.305444706980065,0.2410897160506644,0.28820960595321904,0.2699167117632239,0.3286261668776366,0.3356664655226527,0.26112392616759095,0.17040417930435006,0.28885061244424115,0.29229714763939163,0.27728606165559877,0.2894986623431829,0.3252421077752463,0.3383503545910178,0.2997283183053172,0.3181273305558751,0.28095388385222547,0.2481883417785806,0.27843181557833374,0.2547592974181037,0.2348373281939035,0.2926351316161744
0.3210722836937656,0.299394435098249,0.3904993286866498,0.265243992593855,0.2747821498655274,0.3263645233123768,0.2553507161893687,0.3371339229562337,0.27103443641857516,0.2995192447048025,0.36673056176440993,0.3101746451551532,0.4082827723772961,0.27923881680635965,0.253452834492647,0.0,0.4655719397979613,0.30788049249133753,0.2947203846784071,0.3203920348663612,0.38134583024205154,0.3333171148261358,0.2577690649935665,0.3016467253116723,0.36027541685898135,0.32595611686543263,0.26828249947657257,0.3118336822966481,0.2903887756874075,0.32853081640764,0.3048434108641203,0.42075530832305236,0.2558347321972511,0.2773629516602897,0.3021222838388089,0.28878852943933675,0.35822181656939894,0.3741207037760154,0.31137349279939724,0.32851068978333536,0.2654919206977894,0.2898981825148224,0.3211542990960791,0.32092332168665566,0.3529386458761196,0.3198553016337344,0.2796781257127571,0.3485704016046094,0.3319416269591361,0.31241299921418864,0.33171583401119015,0.3250771389672045,0.23380414607272346,0.3224149118732885,0.31979142554002626,0.27498509841027735,0.33603432611289674,0.4090373731437774,0.286906821324324,0.3015768606833646,0.3089038579338358,0.2457693453333827,0.29990504678049296,0.27197178104882286,0.22254380862032286,0.2718474697379724,0.2866260096231773,0.30898514643193764,0.32584122791018666,0.35622328572171746,0.3163758318912852,0.26896462640227903,0.28074430216227253,0.40522338525828255,0.37043392877953896,0.24593320889212084,0.3526412491704682,0.3346069235313439,0.2834048425941636,0.27833819524581055,0.27173695986368995,0.2617849849217238,0.35126768851492235,0.31962996468602095,0.3029995939026825,0.34669612756792234,0.28211655222549487,0.2875655773832586,0.31118951604787903,0.25804958451481613,0.34496324766670117,0.24058103515913717,0.35192369662473755,0.26487622541376343,0.2840961620811566,0.2881557079938632,0.22895564209851144,0.27707557660397475,0.21426407612147713,0.30327623712568097,0.27088268256017334,0.3217548587044652,0.23579199600016354,0.25162979204835706,0.27753163995055824,0.3878824593693656,0.33800519302596427,0.35156972572755435,0.29821811285135197,0.3391228304427322,0.3053779984201075,0.27241661155381536,0.29784629164311477,0.31533032013841167,0.27806881268371914,0.36733466648824425,0.2930379601031491,0.3314030063514968,0.3370839032317538,0.2624499175252061,0.3328622279794612,0.26500719216564433,0.27374992962897543,0.3559337990014145,0.2329471730223809,0.34947721660768466,0.27029858692298714,0.3369999023657457,0.3360160751726331,0.2661622357332192,0.29417534695208336,0.39401833393652963,0.29309280611392763,0.24837492539642064,0.3019368801760857,0.2332339483684986,0.3349750280444515,0.28183174766762,0.31025314407673316,0.3372781308031621,0.2216418656669065,0.35093637990367843,0.3027214858479307,0.25993353985891676,0.33934263123521735,0.2709531666854324,0.30118777881053044,0.3094571017166661,0.3349396626267422,0.2532146984897854,0.28352739497306656,0.25729705445483203,0.325453418806523,0.3067387863011524,0.3444871546470585,0.31104176186938515,0.2833846178313658,0.39133363779281755,0.2282692446714705,0.3363256331589996,0.23582211590808652,0.26674646965510274,0.24338870744559057,0.3270716424420301
0.34235619117407906,0.32022424198224414,0.34496046340526876,0.28975088058142,0.27279482011972733,0.31349636778665124,0.2711944869934421,0.3459514091406287,0.2724201829681042,0.3200871222219139,0.33837356032747373,0.29596186421800086,0.4048578444966954,0.30519975961880597,0.2757198941224164,0.4655719397979613,0.0,0.35897862037995326,0.31750953666942566,0.3606727119201327,0.4205647899273731,0.32289035952251816,0.28109728638764714,0.3005828879532609,0.3191480698032736,0.2951146033858403,0.2680455833367657,0.40760303434727374,0.2900036649063971,0.310199699917048,0.2827033722891463,0.3808255875349207,0.27893472148022325,0.29069195719334295,0.31920866341841025,0.28877576080105694,0.3280518813181406,0.3724850469207376,0.30404089301103343,0.3789136947450774,0.3323793378509005,0.32197512219883107,0.3594563225837251,0.3135814121700799,0.34141211547995676,0.34823043178413443,0.2817380226799384,0.2778038466472895,0.3547351960963395,0.3549855209909431,0.39274745328297683,0.38568189286300825,0.27553175149165554,0.3273814919907291,0.29341517892104846,0.2766068336453949,0.40415782228185726,0.35191504943371665,0.3527573863603112,0.35049960280306414,0.3367967273343995,0.251324079494882,0.33477011867719536,0.2714559773281511,0.2600323079847641,0.28953490415094973,0.27632536031400007,0.2878800404947316,0.3495383020708041,0.33307938210489735,0.31978602737602013,0.3057103597129511,0.3046467498689607,0.4786617496493084,0.44495988023407196,0.2636952324407373,0.3498355604136144,0.3155897745818438,0.31992840519572197,0.28483174368016223,0.3198510872327275,0.2699820284943852,0.34727524038737273,0.33636202674855226,0.3471909854765656,0.3749563334391309,0.26460050617269026,0.305870067538009,0.3272840642344893,0.24802390122600151,0.36679676159619756,0.2519796371032391,0.3824162844128294,0.29694812365112794,0.32947353529718004,0.2592044757830732,0.24073581139397093,0.29513276691298607,0.2274841562465624,0.3549942851067678,0.26926791139576595,0.29169711082823263,0.24320850930746477,0.25490654135730867,0.3010322789271128,0.39745962446821576,0.38331760746408156,0.3705655635572899,0.35565810472756404,0.3321723659893196,0.32781135600758976,0.2927410498694621,0.3164251993920919,0.325856077899135,0.3167029346568537,0.47360932888217977,0.3399155949897165,0.29557521380399887,0.3688089640347993,0.28307606315750194,0.33019243250225294,0.26045107862782274,0.30741501255514236,0.3705905253748894,0.24079001313945012,0.31353922819510205,0.30275689107404685,0.27913077704012135,0.3597657631273098,0.29269979217231007,0.34061529941275104,0.4081149982906644,0.26887873999967,0.2653967098799112,0.2736933608349324,0.25389785658934416,0.33396239872704797,0.31151050646523337,0.29324518323321525,0.3261677932119531,0.22547866854551368,0.328019863256095,0.3504887815898978,0.28001413280245824,0.33850656684771574,0.28513211500542973,0.2986009549216542,0.3442512242870927,0.3389434669498912,0.2636460246176095,0.2809754141865546,0.29430416416695615,0.3676901159639601,0.28767574587175593,0.33585866153103744,0.28364754487445204,0.2874409750279813,0.3477481655149749,0.2429954472347258,0.3469820346686218,0.2792049587265805,0.29708001876502466,0.25706233859670674,0.35209681276750715
0.4453751153146734,0.316232524930584,0.28228973734739604,0.29551584804346887,0.26239765240203167,0.24043900059514248,0.2781775055234689,0.3050959224092509,0.31794380303999015,0.3209861276984414,0.2918942011925405,0.24001758374690985,0.35820928235682115,0.34188011124879325,0.32152774215662394,0.30788049249133753,0.35897862037995326,0.0,0.31370830810778016,0.36830883350049326,0.3222344170660871,0.31500598002333935,0.29977901968905535,0.271071486825143,0.3301795503220518,0.2564460320935409,0.2726063135654576,0.3324478695360548,0.2530548491497741,0.2651652902860471,0.2970184796780965,0.3192295905518393,0.2917598247231989,0.2527146313246416,0.3360144196945671,0.283317864936885,0.3035920142463828,0.3965684451078743,0.2477217714975478,0.35355568599626785,0.3034622486367856,0.27738644790118927,0.34724643175611414,0.26308642560579604,0.33398537003093026,0.42374887124524735,0.28255102963370915,0.2470755565666749,0.38517591595040074,0.3553815966889613,0.3372820879185873,0.3055713489471745,0.3310656276824104,0.2944305596129814,0.27490899725296625,0.258103485740427,0.42999557401946364,0.2694425065100049,0.43226498258950463,0.39997607364790533,0.29672142147865876,0.27354237258760217,0.31910736537972095,0.2645810730085609,0.3634350363705101,0.35440538212021594,0.3093644853101517,0.3155411112828241,0.39457018017679546,0.36936265328052,0.3441782511590901,0.36945608622566856,0.29240671379267985,0.38204548284161677,0.3808349639165227,0.3289510252418161,0.26428811205039754,0.2641661045964166,0.37350710516651997,0.22960225315234942,0.28031672611024083,0.32581570858991626,0.3167441132646696,0.3422949680414494,0.32685834270374353,0.38202237107191633,0.2706697272485398,0.3753370097213509,0.3777559518343517,0.2714434638607811,0.34306290694849456,0.2704590506807022,0.3241222316307668,0.34530459499945976,0.34685811277193246,0.24997966753683448,0.26564016940499435,0.25059724808664746,0.24835588368323655,0.384532773580369,0.2920989834336769,0.2668718266789832,0.2736694973718825,0.2774977798715256,0.35958191017637514,0.3259156029202161,0.3045616751759439,0.3109992739352217,0.4023775127998581,0.26866948054472395,0.26484632949037706,0.32125101777601295,0.2940318807566737,0.3010127364701432,0.39974667099828204,0.3460685523803501,0.34411245754513786,0.3088528786698365,0.23987384350894742,0.27796088093401594,0.30652589497614935,0.26002750869279134,0.27186703288509945,0.3416590116364416,0.26317046701436914,0.29013077371764623,0.2740883079938587,0.254062021321627,0.2730396667288797,0.37808312269203387,0.29718239213882247,0.2737555013631213,0.27677663452327417,0.28092700120679626,0.2824138124207369,0.2806845115115275,0.30895611402899714,0.33872008143683563,0.3397926371441845,0.35894691535456363,0.29850654284425443,0.2803617719737443,0.3623427016634722,0.26878223857637773,0.30323997309808065,0.3156342192024292,0.25824338402082064,0.3438711271549651,0.32079317354265985,0.21102786585917768,0.3124056980141453,0.34114704485691955,0.34819561499447893,0.2524463083994871,0.30456990026451836,0.35612674379767595,0.2867891400705865,0.2796982760040788,0.27595571014825654,0.2862914328766657,0.32418706391448116,0.3331704354326771,0.27031775546451975,0.3500190326694479
0.3328008220918005,0.32732795282785376,0.2582289943512688,0.29098149907819276,0.22408475593073338,0.3092606610306208,0.29594154978151493,0.30429195630793643,0.2592173860639291,0.29774289713736185,0.29171994934392065,0.3458392508326859,0.27417470016490153,0.23371221157236405,0.2879132165143772,0.2947203846784071,0.31750953666942566,0.31370830810778016,0.0,0.3262040318948019,0.3722744243038282,0.27159825932882514,0.2943219959064265,0.27013135627187435,0.4047821963334657,0.22135570870605625,0.2245165406512407,0.3197362186515142,0.25111883471636837,0.29245975070372915,0.31275885120966884,0.39953827918133605,0.2895966916757569,0.3027571347336659,0.2871996324315796,0.3017957866796985,0.27751514352143974,0.30524004463747073,0.28149604252138777,0.2917438178854173,0.30587694584206954,0.2673955387606472,0.3289482088667136,0.2818461133764594,0.29335081485397624,0.29266053568219297,0.24142043742154592,0.25728740933152117,0.3841952348753699,0.31587081440766596,0.358989334776976,0.3112565268948097,0.25545273465629975,0.3569330233757817,0.3160322969745872,0.2472239235130151,0.39735590235230467,0.31264942836147447,0.329840018960201,0.3268955648142652,0.29184514309767234,0.23823174144644335,0.29706970779572617,0.241570010777964,0.2914315508458406,0.28663845819788064,0.23725855002302468,0.24791264952944542,0.3037974524755754,0.30390340215653633,0.2801499040929395,0.26456671221954403,0.25773039293713385,0.3402401874256184,0.31793280174806116,0.28066758943539843,0.26976231610266405,0.24419070096430848,0.2820483042083789,0.22638658143535323,0.26181662447810816,0.3331913232625158,0.279591901530021,0.26237540835276213,0.3271889414737269,0.32230086316389417,0.27995820632924023,0.31721501579748884,0.2986813486761034,0.22016184334523006,0.2896960957510608,0.288904234779606,0.33707252016384337,0.32073608045920465,0.2804575812601953,0.2668804082699086,0.26793811080637575,0.2919982836820283,0.22908936682541722,0.29591428465575614,0.24148421916899201,0.3153917727139338,0.2891239199756488,0.31665080283184427,0.3137797047946407,0.2657494857115444,0.31694016278983417,0.283931971916288,0.27341598505059495,0.27875813349252637,0.3742642789209858,0.2889706826307146,0.28295275908655093,0.2518442648381269,0.2833528742570611,0.26491354823644647,0.33892860630383337,0.3585066559313777,0.2925723111577813,0.2303672158409439,0.23976574900451297,0.25206144637457517,0.2784731290976691,0.3177350427586034,0.23690466371472502,0.3120898266185465,0.26189201298086173,0.23440207119451217,0.3129378023083398,0.2718321441089875,0.2600894037347563,0.29066468792759814,0.23150124609557918,0.26635778623189554,0.3007359002597533,0.22265167028354377,0.2619626177182239,0.27500172484490415,0.29366824900364047,0.35517316671860794,0.25055251356069697,0.28337859902136137,0.32344735895947085,0.28566102503704244,0.27970288527942955,0.3141170223844293,0.267674754409126,0.2581928738601985,0.3449432727416403,0.22734270628132144,0.3200743256948427,0.32913202942780573,0.3431957949912493,0.23474063271280976,0.37238429995298733,0.27754753453273673,0.2735033302929979,0.26960680503931944,0.23979747267223808,0.3019935294325991,0.24066706300885388,0.32051199741713987,0.24967329800679006,0.27812047548573016
0.4637230345372198,0.32471420744060403,0.2488459216967683,0.2562228467110944,0.23189466466572395,0.2911312078373691,0.236925693505299,0.32362795554581153,0.32135628556232254,0.2795867569308135,0.2689139141410102,0.26172074416441354,0.3707437122146452,0.30378625252878766,0.2798112108272419,0.3203920348663612,0.3606727119201327,0.36830883350049326,0.3262040318948019,0.0,0.32269921351024117,0.2840357605399266,0.2685403149750386,0.2827501773043224,0.35210892411215156,0.23644049745189769,0.2414559000972876,0.354562392821806,0.24254216999217437,0.2504635412379571,0.3504365304509939,0.3480559474716182,0.2743413153777041,0.3029545660882706,0.39150297428053693,0.28910666716101013,0.3124059753746014,0.35800360564948913,0.264430170522648,0.2898721805295653,0.29177750372850136,0.26456253036366323,0.3455787986017724,0.30431197105048374,0.35825965900361756,0.3299148260301492,0.26078032410447044,0.26776378588718214,0.3273593780902036,0.41526613397957224,0.3168431313523212,0.31043060396193467,0.2923756503457176,0.2770727322820781,0.25936855536955544,0.2755222230339324,0.4210608085068721,0.269099735458913,0.3739305110348573,0.36172035240534517,0.33467066097753,0.24925004889593838,0.2897564278540554,0.30991731429869473,0.31502385911108916,0.3394834539793736,0.30987853203385096,0.28778435348553194,0.3253075607458454,0.3327020130253946,0.34105295940765734,0.36039055835841827,0.32502116879340803,0.3290553739843694,0.3664254860304253,0.31780982246735057,0.25571404376304685,0.24044770242901628,0.3203344042267522,0.23760234898299323,0.27401815124742807,0.3213787340292942,0.2948556661468204,0.3411428659418709,0.3214251997973599,0.3734889077570607,0.30591179976520977,0.37100340935316667,0.33054731162977297,0.2723564779762159,0.277911730340917,0.2898980934012356,0.323291205742332,0.35128785380008115,0.31410132217468795,0.26439276077208723,0.29153101514831425,0.30409562296438314,0.25372201338620154,0.3494401010612211,0.3304660107074587,0.2688920503614904,0.2566909491925445,0.2737704344394161,0.3595718153746022,0.33235880032797066,0.3449201163134855,0.3278262646346866,0.300705947160043,0.2844956224391209,0.2829833199305184,0.3121145950705499,0.32540452163326833,0.30285245312781117,0.30091985441258384,0.29883393704932526,0.3554005785329896,0.3102193407513053,0.2775975320375454,0.24998582599220062,0.2960754983362385,0.24907677712815832,0.3339229504477086,0.3110335572107367,0.30259108605373397,0.2736649234452799,0.27883994535314155,0.2422823697757539,0.2944967725064725,0.3332661164390419,0.3014548582841575,0.30505106309445534,0.29785952306123603,0.3212440153949378,0.3331505527919873,0.2928996479032837,0.37218919031599823,0.293695357372308,0.3392417289933928,0.3520389238213236,0.2601584193779667,0.3088462084572145,0.3647150020021153,0.3036914336790354,0.3215696937901758,0.3310509679077858,0.29212508864556974,0.2627807026775479,0.36770994626736603,0.2263528349820907,0.3605713298699675,0.30998252568453477,0.3326247834617319,0.23665323930350962,0.29864453286368126,0.3471867627501151,0.2873424373251643,0.2687056587660728,0.2785375633062759,0.2761015769361992,0.2432953753884423,0.3714556003403776,0.2526645523777748,0.3300670866655533
0.3321376072753135,0.3194555135234049,0.35171926751060023,0.3141286469642604,0.2977366679572874,0.3289761584644748,0.30308292254856767,0.3443414085775032,0.282409740176846,0.29561624910688294,0.3377278867591558,0.35863365761374105,0.31036878567558757,0.27116497456077837,0.29728947561683755,0.38134583024205154,0.4205647899273731,0.3222344170660871,0.3722744243038282,0.32269921351024117,0.0,0.3629012192755152,0.27625178686244584,0.3593864501213321,0.408379260855039,0.32560693593203743,0.2307218292146745,0.28709961905667875,0.27044607925735736,0.30699145732650535,0.3190265628220891,0.35026698286077906,0.295563642281367,0.294280807909727,0.31871654380429126,0.3396781377904757,0.3643357483394588,0.36814956551613237,0.32426798962703457,0.38650814156980917,0.3441318739658195,0.3481267318681859,0.39998553140864057,0.4124146391826999,0.3451923530818691,0.3136176528932722,0.318438924369337,0.34229023944485265,0.3829407099975146,0.3626519595125054,0.42159478508684795,0.42560956129256916,0.2651636435138639,0.3907685077536111,0.31603837483571284,0.30917475115330606,0.40925623497658675,0.3879303600145108,0.3461963666073154,0.32015752741817494,0.3098308078160733,0.2638195104300468,0.39152840592331367,0.27134326306905776,0.30975030409099386,0.3240563338389298,0.2911850649384242,0.3357220052930669,0.3218095691682101,0.3518901053234298,0.36248895688491695,0.2905817527530122,0.3172242353117074,0.45212867929266615,0.3639788878548953,0.2604316408112625,0.350613898509697,0.3438950850728326,0.31299714946200197,0.26559885439380776,0.34287801187612,0.38502098206502106,0.38616608622178467,0.2913407760063316,0.3990598002107217,0.3706350571122189,0.3190167482164118,0.3085021235699955,0.29318418448830147,0.27269638005426744,0.398871381264949,0.30320517712515516,0.34299247542335015,0.29965729879746933,0.3646034313759336,0.3024000161674279,0.27079712927201044,0.321090885356726,0.24795591084909918,0.3110044469403148,0.2732636039995194,0.34431156639348903,0.31383665920012666,0.3020234260907101,0.3223938281078145,0.3600114167003253,0.37822365800672914,0.33407919302225325,0.3370928036007742,0.40493353210571237,0.4433037264352623,0.34811188885205446,0.34750973171513244,0.29848860670888033,0.30996936409826203,0.33528773704704523,0.3083342035152263,0.3445605036849089,0.37543756298292685,0.2722019160868229,0.35317952214954407,0.2943272413355035,0.34357479702473287,0.39672147322023704,0.2658103475938325,0.3092825930553989,0.3139232649995765,0.30809163768213665,0.3551843423855312,0.3011049112454344,0.28818717761266116,0.4139653607236528,0.2535832225279489,0.3103040663944786,0.3584741191421631,0.2709434228015856,0.3071411152121708,0.3355538138301651,0.3139276615678726,0.38413333992783066,0.2502119995759985,0.36068208596753404,0.3788686329954819,0.3227746651864448,0.4053442874680699,0.34376001920343474,0.4049131007967039,0.31908574239052523,0.37544202388008335,0.23663743830946227,0.3371867898180989,0.308012687689629,0.36029512888260923,0.32824450827968976,0.4732986559571369,0.3368024387863578,0.2880437357267299,0.38802932152127173,0.24150687855669903,0.33525446995510244,0.2825918934639235,0.30438970940121945,0.2996116067080389,0.3728621261242407
0.311180941002701,0.3843189277762807,0.4139944574532587,0.2766066133301572,0.29052363676158854,0.3117992507531152,0.3195763012525146,0.2933915918660973,0.3312427073865868,0.30345711854592594,0.37028294709567194,0.2939942597419249,0.3191368469438863,0.3044708858803307,0.34388745856665154,0.3333171148261358,0.32289035952251816,0.31500598002333935,0.27159825932882514,0.2840357605399266,0.3629012192755152,0.0,0.25103621449456687,0.3521903755413724,0.319206027938953,0.26411451256308754,0.24203234578235308,0.2620072134209275,0.30074763689741135,0.2673662057018946,0.29035061603189105,0.28598598474008424,0.29252675628639846,0.2172528272380639,0.2801170091505192,0.296285729807159,0.3276943827478814,0.31484348557610825,0.3278072016041488,0.30634230178278066,0.300156461883829,0.3306938160449343,0.2924641901593113,0.31002802783555966,0.31813604392758615,0.2573775029371152,0.23680934725288164,0.30615990450632935,0.3095797395517634,0.2961564245902501,0.30779328425903163,0.26788474841332205,0.2349363627930581,0.38072866714064607,0.3039916002042842,0.26742032376714253,0.2824347781944671,0.3066770314880547,0.2928291050947094,0.26154260009250285,0.28894376971156505,0.21894321170418338,0.26763606284271885,0.24192313000541946,0.2569396773626722,0.23618107074665673,0.2896543155422137,0.35519897660007244,0.296315712143291,0.32953142451547585,0.3488462619345147,0.2503186937147091,0.2612248176957905,0.36045105772807295,0.3002238831438452,0.20823961262785257,0.28689345111740217,0.2876037994785854,0.23989016424401075,0.20894773757267338,0.2605265018503769,0.3417705022513958,0.3507115886902797,0.25555012009656486,0.25156644417997887,0.3361025574063506,0.2473856496375366,0.25306063090403336,0.23126038298635831,0.282833147018167,0.3252733272575843,0.26185820399956716,0.32876023843337765,0.23046670794529694,0.30880024508101067,0.36241513051051594,0.23240590245481954,0.23929091782853698,0.22077056706656847,0.25811409930151447,0.2756596769051539,0.2568434733852964,0.22212608756315894,0.2659373150052162,0.2563765394259692,0.2804356832381701,0.2505811596717582,0.29895595157399374,0.2775937468751533,0.33990808131889566,0.28962837617077003,0.2549014594693622,0.27285937998045373,0.2557537839612952,0.24434328120789045,0.3321992064826244,0.21637126308020058,0.314009655247152,0.30416491298078147,0.2381093202845675,0.29842061322499097,0.2326202731329335,0.2446734991205156,0.3177103470415019,0.25140069699025275,0.32448601688714895,0.247451845950468,0.30148404909333404,0.28499547600287345,0.2972868965302404,0.26716788166719035,0.3171349821682048,0.23268980069731923,0.29458320502902113,0.3365224216285209,0.2551795162298431,0.27356234546349584,0.28887732821124074,0.31841997178899645,0.30026175894134316,0.26659043108243397,0.3019763760784453,0.3056041398443471,0.2817137711453867,0.3203723121733161,0.259113345813852,0.3695039885061861,0.29186075426805685,0.317821835417997,0.2059395468940487,0.26419838614696395,0.24352370576852675,0.3288238840058504,0.33084568468694375,0.3091711029801492,0.3402514426060465,0.3166569035295179,0.32410559721130794,0.25257616875871597,0.25663583235629306,0.24771429090350713,0.24406520172275242,0.232669843865263,0.3631468356343576
0.27770147531483685,0.2911235027349802,0.23363363165007445,0.30947945376047786,0.27405345365803907,0.20700858240904668,0.38871823205725403,0.2689104966415269,0.23617911342157524,0.29921391281246523,0.28955694638781093,0.2845864154209971,0.27573234103173916,0.26287406124058793,0.2597102367325679,0.2577690649935665,0.28109728638764714,0.29977901968905535,0.2943219959064265,0.2685403149750386,0.27625178686244584,0.25103621449456687,0.0,0.28239332224478875,0.34012075247053253,0.2820292315662333,0.3465732495980754,0.34201696963677014,0.2515726654180253,0.2804080722346128,0.2601243458119202,0.25689485387731104,0.23993899078902428,0.3606022890537688,0.27879444585353663,0.27697130865532976,0.2936475097329905,0.28875413463642263,0.24627732531529262,0.3267015080914635,0.26870754709326883,0.2931024352168483,0.24931076944769648,0.2324383585943717,0.31399882747394514,0.2839513101791966,0.2469167101740185,0.22623460049314242,0.42601936978933114,0.2564966489953378,0.2777142061507615,0.23886716697218657,0.23255590667154685,0.251924188707121,0.270962928356342,0.25714152230357584,0.2745890668511458,0.2741087966215105,0.2905527556531137,0.3014574997675227,0.22807021537393626,0.20460567655084894,0.22825931446073827,0.26266634105367026,0.21485455094200376,0.22331999720550422,0.2851669206891139,0.23346305865121147,0.2741227984553862,0.2951655391922168,0.2262170485882766,0.2547317893934831,0.24775034047838604,0.3027109853984274,0.2395827448677171,0.24489065954742045,0.28602124827091957,0.31597595655190713,0.26905774521792586,0.20106847455184743,0.21282558390809628,0.2604554422917547,0.2632450239724003,0.24692532292060548,0.2853539599792837,0.32124971222284626,0.2605958047024384,0.267793906473907,0.27927144228061607,0.2636568073357577,0.2978515922839078,0.2711566032803959,0.2750874918017895,0.239278273856746,0.2845602879217078,0.2402627102396839,0.18278955225116872,0.28801867593788355,0.24097722277721825,0.281406756775631,0.2471906513435592,0.24871117238558565,0.28949058549489004,0.2639914275654821,0.24458337060735147,0.26602535144466627,0.23675500463025018,0.3741901761335495,0.29630792543641127,0.27610205448705627,0.29484143608468727,0.295353764676275,0.24337585236858236,0.2803940287986607,0.26399175301698,0.2939294108698217,0.2794886221478839,0.28653999743851516,0.24294723485139919,0.25886294894362033,0.2536880243508867,0.25221606543394276,0.27784542564795256,0.2860345474914452,0.21976565726688208,0.25308139331580726,0.24157312539311612,0.25793205585884393,0.2715347434257326,0.25843956727311096,0.2492282886870769,0.21687537509540075,0.2500978655425,0.25536030816184174,0.2378531639372506,0.1973311250207902,0.24796580893457937,0.29294020145161387,0.3237253303520691,0.3060867690233322,0.21774518649616506,0.25040901548054983,0.30862101771117567,0.26115047381911133,0.27790817847281163,0.3601282629667395,0.24341159364069945,0.2453440852333932,0.30750953131732967,0.22091239036451016,0.2685798099564282,0.2605884226066821,0.3060457658141245,0.2728480284451736,0.3048454095840078,0.2774040042574633,0.305594890606189,0.27106550444841143,0.2504668295158352,0.2793986849524904,0.2480483998729559,0.263636274797284,0.268955496289971,0.29029216444353445
0.29652242446165183,0.3006155002850184,0.2841558111388596,0.26682344155981563,0.2678093053444862,0.24429872568137073,0.3465376019720982,0.2513900281066683,0.23030814255264684,0.2607885180049991,0.3156830634594841,0.2930348178589913,0.29371913294756613,0.23592960463692392,0.3450403441655092,0.3016467253116723,0.3005828879532609,0.271071486825143,0.27013135627187435,0.2827501773043224,0.3593864501213321,0.3521903755413724,0.28239332224478875,0.0,0.32370525074265866,0.30394469398204166,0.2392726991627182,0.25415919444941876,0.26592901022345466,0.25761647930559806,0.2841376065832985,0.24998116648921395,0.27276067477904353,0.25767308834346686,0.2760093069621239,0.2475165613367961,0.3470221477931763,0.24643690268682059,0.2908592110521357,0.36720279124643396,0.30057202846462305,0.26815108645647245,0.29545250614139956,0.34663380996775867,0.3194021846199923,0.27751541400554885,0.260014183776452,0.31800539069100675,0.3567650788055552,0.2513088807338257,0.29527519114230866,0.27669468309707146,0.2048331293892469,0.3028064159892945,0.27218345730518106,0.25291337213834003,0.2841223916444208,0.25879788899245226,0.27913817546766795,0.25770552552202,0.2523357169629195,0.18315322207234433,0.23610900907854568,0.21874650859345848,0.23531267330328662,0.23570664208617836,0.27814705334448137,0.31325623536564384,0.23012645190926093,0.2621137087837491,0.2802653909269479,0.24303336000921064,0.2250640022422856,0.3189790467624758,0.22876672696108394,0.234298316727908,0.27891747473215617,0.31799899977917795,0.23605630075636921,0.24283204526724572,0.25093979760666174,0.2679563288452017,0.3304279050797242,0.23152819025206764,0.24621813373909388,0.2924399381351469,0.23394520875809663,0.22945402291106504,0.23539313352838148,0.25816369185757365,0.26476929731002746,0.2521559291631041,0.2817685579605815,0.2543276224679517,0.24888648813714703,0.2868312567027935,0.20160877282460626,0.2589823035146172,0.19492150665670982,0.27005373200436095,0.2873838959458398,0.2540252507926691,0.22288042147724618,0.24700628082610043,0.21518299555359668,0.2726524534616326,0.24927188737219869,0.2867378430310166,0.31146407490849465,0.41202492229619897,0.3323984539125716,0.23770994644446736,0.23598871551089068,0.20424081938952943,0.23939428743873958,0.3174739663042847,0.23923178769813733,0.2735162618984585,0.281090346356654,0.19602618270986927,0.292641175291704,0.20184359729562162,0.25317174697373773,0.3541148437330693,0.22021839501197843,0.296945732782132,0.2055478257095917,0.3092566410952664,0.25582387514669425,0.272064884819937,0.21791513635087661,0.2488800644193726,0.22365876437854473,0.2352830751407854,0.3034018977816196,0.2390993867263714,0.32998886456754484,0.3332541411539451,0.30445696373137127,0.290442142237675,0.23247097096656957,0.23866970143224972,0.2745411117182614,0.21636069596130852,0.30526452747121885,0.2659238071609702,0.3123948435351806,0.2635045826086081,0.2715882816032192,0.1761842932161614,0.2997427551821844,0.22287834150848448,0.2981634616721625,0.3151349528821699,0.308394642301073,0.3165774212073339,0.32592596161319914,0.35882048100259323,0.2798822518743514,0.2391217989155625,0.23910511860677175,0.24315243270815423,0.21769940283204472,0.3396939351074614
0.38190938767133686,0.37230938570527666,0.29234044557312583,0.3111259727202948,0.2478182828974671,0.32337081601897366,0.3094578192690527,0.3573748517794199,0.29451919144937794,0.39766318304315285,0.3319122344547952,0.36822538074555006,0.3301563672518103,0.27101632788359287,0.29229449308328553,0.36027541685898135,0.3191480698032736,0.3301795503220518,0.4047821963334657,0.35210892411215156,0.408379260855039,0.319206027938953,0.34012075247053253,0.32370525074265866,0.0,0.2636275155480605,0.2649475468891338,0.31110668746354075,0.2976763996440205,0.2842793437363313,0.39028561865777117,0.3680036858368905,0.26230416222672065,0.3396475203615916,0.35638688223124443,0.3280011803282288,0.39128875243856537,0.33578375159756796,0.2807205300877353,0.3346861672845646,0.27396495872643517,0.325051856092316,0.3141730072520243,0.3388897781433341,0.3729258731677837,0.2987364143988086,0.26434920038901116,0.31897966992048715,0.40929372589166074,0.2812015699521816,0.32744037131517134,0.29692032267938917,0.23423054374833882,0.338049345256288,0.3301236364569152,0.3422167661109613,0.3423896600888693,0.34105412987760586,0.3289900306875404,0.3011193506491153,0.3136112503311496,0.23137211137814098,0.28363203430353096,0.2668846798183992,0.26130623524282875,0.29965882752128,0.3031089875586931,0.2993624194135328,0.3114653810871692,0.4142024852032633,0.2925218844092887,0.2788838818060342,0.30884421454223426,0.35209485033274396,0.31710859368958366,0.29613655673378014,0.2754856012274524,0.2988774659657306,0.2821442667633874,0.2437369751365789,0.28578477044061473,0.3341410103505467,0.3379065425665689,0.3070327618717211,0.3556752881747502,0.3774188900520311,0.3532986696224646,0.3210915581478512,0.32946117644863365,0.2940132443208691,0.31269823738782976,0.31903905688577994,0.30576620689579503,0.2942684916471471,0.3193832446384667,0.36472157889634627,0.23150876505196963,0.36743027622322644,0.23748630202968232,0.3209833073853575,0.3076461319342567,0.3455023343812391,0.3148254006962876,0.36968879984733033,0.28906952091725874,0.28335158481430406,0.29662555664438,0.4238677686059694,0.28076583892729423,0.38235479997206684,0.3723631607679643,0.31408488347381497,0.35373379218120016,0.29548191840147764,0.28216379020198384,0.30024498507402014,0.35147807301943645,0.35725470316314745,0.3484468611536047,0.2770452841781492,0.25602864896241395,0.2947908203862076,0.3238935983891815,0.3468792352376332,0.2740902748838385,0.3423698423622609,0.27279318067081304,0.2731839972678188,0.36646516850588245,0.2693258343512064,0.308647994061656,0.2766522398639942,0.2906292548813734,0.2997925890734511,0.34789915260548737,0.23878885372114478,0.3159889884722023,0.29883702737016804,0.3469246924714989,0.38337994099760303,0.2734397167618138,0.33985843449268127,0.35193881360030627,0.2847068366365961,0.3578263653064791,0.39405302924868607,0.29965472484859557,0.2767115548508576,0.48766990587469244,0.23521273989954358,0.38824107003078895,0.3427446654619845,0.3137459019021494,0.289082248261816,0.477095911722031,0.38290646132169537,0.2947882759487151,0.36936948636258493,0.28490842825229595,0.31658150159982307,0.26871269748211024,0.3508776062718913,0.28263015641931966,0.3314242938189303
0.25661071576871913,0.2517532155064381,0.2817374400356236,0.300078616086448,0.26009358186375886,0.23811442936997754,0.2795729752011902,0.26209642505989034,0.23621717992302235,0.2334421121608136,0.31393766558178127,0.27310865497954984,0.28850453730230985,0.26853827872254715,0.2567908151993191,0.32595611686543263,0.2951146033858403,0.2564460320935409,0.22135570870605625,0.23644049745189769,0.32560693593203743,0.26411451256308754,0.2820292315662333,0.30394469398204166,0.2636275155480605,0.0,0.24987633108330182,0.2456983842424575,0.2519430290988412,0.23353478720064205,0.2596348863540922,0.25394951917750996,0.27147574115133927,0.2855947145200611,0.2583415012655934,0.28086244599391536,0.3205975293773486,0.3085974010668954,0.28602031755133334,0.31543332099812516,0.308732464818772,0.26717884907854134,0.29210765565499297,0.3192250667748138,0.3307534286170941,0.2994282286192648,0.27018893720744136,0.3216251378591228,0.2874170990584219,0.2586585892155093,0.3040501458569941,0.3649356566845188,0.20511303282387464,0.29624259455987406,0.2839600059316428,0.2663699324794186,0.27309279149019017,0.3030532887996637,0.24160891003776014,0.25506560546822704,0.25003729242013967,0.2457180228405656,0.2981403199931563,0.24105318399706455,0.22180032287064336,0.26751566956437856,0.35154397238493906,0.3106985640113484,0.2689940941767571,0.27369760707188157,0.32115281358822834,0.256300353336549,0.29106488019209265,0.31764744577590975,0.251541335166067,0.23049991700166325,0.3240136672721311,0.36343067227266423,0.34211552496033937,0.2644358720512109,0.26313750874142344,0.2769589968823853,0.29253708068100326,0.2943891160577526,0.3120885978148247,0.31995231410304587,0.28091389219836255,0.25241062857912394,0.24901695272726856,0.31462442987840616,0.33358700618947784,0.24779031587538972,0.25192792222802096,0.24070784847658583,0.292440002562849,0.27637465524997107,0.21969400654871876,0.2850978556951499,0.24495596322464122,0.29823188348984864,0.2602971877554313,0.25515675487256606,0.30926225658355244,0.23515023337464472,0.26322451246157097,0.34563062747353734,0.26901068173313936,0.274011116468487,0.3086814153239982,0.28274490673156305,0.311109884800727,0.33186551004393194,0.29208260275850195,0.2762071977197014,0.32130724459552956,0.33186727128191906,0.24905754753074624,0.22492180169125903,0.28876545550216315,0.2805347724966619,0.33048972444731334,0.2970066315562985,0.2947208854633889,0.3278235001588986,0.23818303397175775,0.3050446570900242,0.25415852110270803,0.31714714584004383,0.2993845015812212,0.3032223499695791,0.22666898656392948,0.28878366009324724,0.2754244045785141,0.3020988810573327,0.266909613761967,0.22868374150246376,0.25641724115488684,0.3302483267658321,0.2764014703115633,0.26578259695426665,0.24248020448952373,0.2680791504198855,0.26478966267499926,0.2523557246557412,0.3708322968404907,0.3364207954416237,0.28856020657554776,0.26015717967695157,0.26803715305297404,0.21737174681693597,0.2934242402509059,0.22107899381998714,0.240621868975716,0.28234370626850874,0.31089282427216103,0.2844673115381662,0.23712943595778885,0.33670982326004584,0.24542286825435566,0.2910295942843216,0.2598064749410823,0.26034131900028806,0.27456641199556403,0.316755601234315
0.24583337992432686,0.24899187626870375,0.2312734757831977,0.2924932088236734,0.2354236492534907,0.20416219242755682,0.27250193946883594,0.28332686929609985,0.26591584761934967,0.2532000686608248,0.2770657521690845,0.25587997898216036,0.2868897046174205,0.28476511796805987,0.23694791553086156,0.26828249947657257,0.2680455833367657,0.2726063135654576,0.2245165406512407,0.2414559000972876,0.2307218292146745,0.24203234578235308,0.3465732495980754,0.2392726991627182,0.2649475468891338,0.24987633108330182,0.0,0.30276060397864446,0.22958200423809874,0.29610902328626615,0.25835360397374013,0.26960132869122816,0.25078765412052684,0.27673423530930014,0.256184479424045,0.25838832501182285,0.27405290895559503,0.295783970421516,0.24145866113297484,0.3087890321053458,0.23868140803390844,0.2666383995800061,0.2151756265029384,0.20779993146266018,0.29683409831426405,0.25592744549972607,0.21348910722031983,0.202247402548101,0.29008679956113986,0.24840081991289076,0.24345725916650715,0.2024524190779445,0.21310205717420982,0.2287760331472617,0.254241082291717,0.2314363442793918,0.2417381131688579,0.2728838073391932,0.26480154426409896,0.2872788677515182,0.23733873111515702,0.20813083228383142,0.19927052970192285,0.2544459686170673,0.1914057745319873,0.2067046365678675,0.30250568982533266,0.21890571405105877,0.29101839407242724,0.2801005658793238,0.213018862961549,0.2587962817778638,0.2734133494440278,0.28856162701086424,0.27589160552095165,0.23511319098416222,0.27298593966952817,0.2852011820354862,0.22721046349939253,0.19221346829872002,0.18896215485589876,0.22932059228079013,0.2330335877216092,0.24432123542786865,0.25739706359287523,0.2880576479482579,0.2563926026279487,0.28386369039442966,0.30426860223334,0.2636426124974412,0.27608224470051945,0.2529214650748691,0.2563549747215136,0.21907486240498325,0.2506787104686079,0.22777946772727442,0.1950103217593602,0.247444558768479,0.23083741933213117,0.28366550019361175,0.2613472655528929,0.2400882018917614,0.25669864149497473,0.2202570139020643,0.2537933413018658,0.24723342270805093,0.2335875593637705,0.27325055514841307,0.2725039638207298,0.22556154962225686,0.2451806010161212,0.2679035146125159,0.23492530336455889,0.36052654993233824,0.2303410913840985,0.27748711870712667,0.23391476020163426,0.23673230386983288,0.20187724824831849,0.28509132282443456,0.23451554726105342,0.2568175271825257,0.21605651834976614,0.24123320826919928,0.21391546903764305,0.2375131514702367,0.2387225235518938,0.2617170862088187,0.22712979000827274,0.26126041453566046,0.28631852600707874,0.22131695472198415,0.2822752298372366,0.2379045856605683,0.2204917562034001,0.17514712391881554,0.21529324606840775,0.27351508862801766,0.31540875155223475,0.27992544878270637,0.21600318803122825,0.24109050449453348,0.27445364041620535,0.2689398917442198,0.2644122763973813,0.26845269409961503,0.2299494065596296,0.23049768692294317,0.23996401327654782,0.2192412368569126,0.24532188976992053,0.22100187877857297,0.3047253341811957,0.26288826995017045,0.24937216781499302,0.25438276677529753,0.2707183606876678,0.24725258181828977,0.2612080716064454,0.25351470564341894,0.21532566604493913,0.23507378287821035,0.2536695300046599,0.2476109615651496
0.31563513404875293,0.2970659241427293,0.2685439088875605,0.2828265381172267,0.2156979127698358,0.251283787288514,0.2551490742951351,0.31954095233132657,0.2652139712125077,0.3068866809199697,0.2942842403243702,0.24127017214468982,0.32508746584516895,0.30183490792450757,0.23867950018445697,0.3118336822966481,0.40760303434727374,0.3324478695360548,0.3197362186515142,0.354562392821806,0.28709961905667875,0.2620072134209275,0.34201696963677014,0.25415919444941876,0.31110668746354075,0.2456983842424575,0.30276060397864446,0.0,0.24040917682599175,0.2720454348941129,0.26722895057719365,0.3149388615370909,0.2469985608528055,0.3504727729986605,0.31772671203657976,0.25267489182792785,0.2780007030558647,0.30533199280735546,0.23068785376625242,0.3070346129359231,0.25827129528777537,0.2736118136397265,0.24727443294086476,0.242532154898765,0.32403392277853,0.2958088529643295,0.212570233277147,0.22258234841283606,0.36127934840355397,0.2718323949134184,0.2944481651236689,0.27786499264658476,0.23579119608456095,0.2720345720088778,0.26332599292466424,0.2494980861648943,0.31544388550738145,0.2584953948714798,0.31852322942204575,0.3177066281719589,0.32041626153884323,0.20648882343058897,0.25349329383247626,0.23699894792565745,0.2256503516418833,0.2627823915178411,0.29109801038176,0.23070709780876222,0.320606617490318,0.32552029621852,0.25434417778773594,0.27834202002107356,0.3003634662118394,0.36070377145705634,0.3573557361505914,0.27735220725495424,0.29057296905790553,0.2420632877588144,0.284844330323375,0.22575047791939648,0.24737679281040753,0.2582149279186142,0.2634924089920182,0.3123487352294677,0.28719191374666186,0.34122047151392115,0.2702299731696212,0.2848604489208195,0.3342043684685696,0.23641890834146756,0.2721660053026543,0.24339475512597586,0.2812167922340738,0.2837170887770212,0.2852558360198955,0.22606588820248252,0.21806304632694437,0.2807156917787597,0.20784309256955993,0.3778466647358057,0.2724952946197862,0.24428566558535117,0.23940962255853315,0.24144592411190757,0.28045247592922656,0.2872667525273091,0.28509738682596686,0.3686601615617784,0.2713618306843466,0.25081112272718514,0.28020439155684734,0.2481056975496899,0.3002536274999165,0.2994973767340937,0.28396769872684396,0.34809174482128535,0.33100076629863945,0.270556974093579,0.27830230093679353,0.269628128235254,0.23628822734036575,0.24440714825445914,0.27710511108721964,0.3056286899470566,0.22837658454229653,0.26725233471843096,0.26010529985749403,0.21652107510811325,0.30374117630692793,0.25798017565544096,0.30633352060365676,0.27716729386001326,0.2797849956150987,0.25885245603043533,0.24403354794044685,0.20721675432120967,0.2550242150056807,0.268415797374665,0.3009502912225031,0.2761198638130423,0.2345424714835203,0.25169085331852303,0.3158880697286183,0.25124131844041053,0.26009329151266924,0.27121852713971156,0.23339196585438338,0.26113846236745086,0.3067321142612655,0.22435380298114174,0.29951353085300314,0.2617104566035378,0.3183533427142795,0.21969767564862566,0.276099741995378,0.2705614953691649,0.3034304425491465,0.29077445638487387,0.257923833552819,0.32273231517060974,0.2581758566778901,0.28930832946648155,0.2359408525788223,0.2829636935757142
0.25882708729282905,0.3691607841603459,0.28487442807531066,0.2754751590498647,0.2237086070794829,0.2715704642724728,0.29109686549494407,0.24315153921727875,0.21783719520264103,0.35119675762354546,0.30148008708737184,0.26600632064158897,0.29683280465464956,0.3221655856752539,0.2751630497768104,0.2903887756874075,0.2900036649063971,0.2530548491497741,0.25111883471636837,0.24254216999217437,0.27044607925735736,0.30074763689741135,0.2515726654180253,0.26592901022345466,0.2976763996440205,0.2519430290988412,0.22958200423809874,0.24040917682599175,0.0,0.2277457119973248,0.2640865414722941,0.290925576126333,0.28693306407024444,0.22312988611400603,0.29903494410034087,0.2704587062213124,0.29704393039896293,0.2860224978832693,0.26602313660319193,0.32394083615458125,0.30239795603529757,0.2438758015997752,0.23981953882832685,0.2855562203503922,0.27513093440605296,0.2342323191317353,0.22909527691589332,0.2696708041423361,0.28884945992163163,0.2492934385880499,0.28769689953306304,0.24957394211481304,0.23045075900853992,0.3480286510297296,0.3403437601476989,0.2587878238132194,0.2600202725801027,0.2570896529285135,0.28441982758111073,0.27182012476094075,0.2672061085398752,0.21391045041828932,0.23408882638896494,0.23607665007814382,0.20582515887088149,0.20915508220660423,0.25418404858519955,0.24735060047337995,0.247556580386492,0.26843399210667007,0.2561557086751662,0.2699390143015465,0.229356245411163,0.307864194924533,0.24999080460356052,0.2341224855826411,0.253896388367861,0.29851553866484704,0.225621787453381,0.246338467038768,0.24854589765113227,0.22830042284206856,0.28388496243401057,0.2643108619496945,0.23716076321197846,0.2720970771578652,0.23004957560594055,0.2530665548352934,0.23274472514333744,0.2313360776970812,0.27426707159655644,0.24700713320266626,0.3253762967648139,0.23336205879170074,0.2680362705422224,0.30806148522811605,0.20345579043691764,0.23444100513373342,0.22601595876513145,0.26511612596993916,0.2886234922691168,0.23287167653341426,0.21388453858434323,0.2532513758393419,0.24427698245365603,0.23193897045104034,0.22953942816074285,0.2644471326569012,0.290385448586716,0.27053164452570394,0.2726654059197365,0.22696067206013587,0.26451410073695003,0.2386083162534645,0.26043270594721074,0.2852528673847371,0.2502051021322058,0.2829659749525112,0.2862439665108304,0.2475363296054738,0.2645823288663486,0.23792371698649797,0.2507476668442109,0.293186022553931,0.24209243223433638,0.39771110213201866,0.23430267190847293,0.2633232994922657,0.3327940871285639,0.2755975132345616,0.24004931343451916,0.24658331200106198,0.2575931965597665,0.25999682288165765,0.24011534210345065,0.22915015086607074,0.2522121636004593,0.3116946803326715,0.26919918258231595,0.2610753334563418,0.2603936815885483,0.31864221620556776,0.27794809326362824,0.23548368488545623,0.3030193457635791,0.23545367283730145,0.23661058889628173,0.26041354331581723,0.30306472677573265,0.2069475626404415,0.24071350775586334,0.2942234030737687,0.24501538475597803,0.2773591597873378,0.2635000087470162,0.25088335498555436,0.26738798131766545,0.2756461823828866,0.2993821284325645,0.2838448507254624,0.2510633952599719,0.29864253996964396,0.21873530927934023,0.27112708397681334
0.2842981335087013,0.24556274581029067,0.27342536376973636,0.22194266627386627,0.2751106299717772,0.256749422003517,0.27812635336295766,0.2595145130317928,0.31122723982273254,0.2449331349514771,0.27843733006796706,0.2950696613009472,0.26981587259701056,0.2329259848762655,0.23495081856129874,0.32853081640764,0.310199699917048,0.2651652902860471,0.29245975070372915,0.2504635412379571,0.30699145732650535,0.2673662057018946,0.2804080722346128,0.25761647930559806,0.2842793437363313,0.23353478720064205,0.29610902328626615,0.2720454348941129,0.2277457119973248,0.0,0.2689928216403857,0.3202340382915345,0.218986309343072,0.24199930288723676,0.23745053278132228,0.23951912047974144,0.30710222521706076,0.29336520387918386,0.24577381575463542,0.2700211532485304,0.23825599215643364,0.3125924827913965,0.27856118988115103,0.26143589875897183,0.25489685276200724,0.2558883997579353,0.3041274784617157,0.24155088493715418,0.30307242789077377,0.2748361834969189,0.30730610750676135,0.24802158465056764,0.21612178759983844,0.2452703252364282,0.24890284411524877,0.27534313154165163,0.2899969519837487,0.3392942699651674,0.2433581273753007,0.2718060725443137,0.21674639201639312,0.2346698457105037,0.2544861780732841,0.21345916725297395,0.21797754683476375,0.21797869544540804,0.21966866716072617,0.28071381145177027,0.2756429160272445,0.2829564477419828,0.25890204937112293,0.23028841900118774,0.2417846025039739,0.3012824838426483,0.2739223953355568,0.25179260170604334,0.2794177151565638,0.29043730970663706,0.22836518778778028,0.2552476763882649,0.23875663185571866,0.25437874499828284,0.35819129469083016,0.21915932787163608,0.2738996300439799,0.28043261357453864,0.2549957303848025,0.28746984966989564,0.2647152301706268,0.24001050408627309,0.3444993320386296,0.2542936348097868,0.30819042959603854,0.24131368158266048,0.2537897036031996,0.24788521116152715,0.20311602556135555,0.23465139459939935,0.22237107834765218,0.23465762670258555,0.22723571752305505,0.2576309157468552,0.24256149775773095,0.22889492183749216,0.2572239702739341,0.2701065890307192,0.25261284587545507,0.25701326264254465,0.26821419001543273,0.2661741237557373,0.2761352167726209,0.25708144265790706,0.23938368921280617,0.2737000063394315,0.22212871746658283,0.28268655154386757,0.24428460872316057,0.293622661798637,0.22223909501555458,0.22628786633899511,0.271643049197,0.23735872915501993,0.23128127022217596,0.3179088146339838,0.22054285465455511,0.25326916315707215,0.24743890897094545,0.2762356068257911,0.21781981607993287,0.24045564629652366,0.33959394340138355,0.3085430154943219,0.22735826833642678,0.22162803986070573,0.21261255614878433,0.2041193240747391,0.28157495677160904,0.24079933906815318,0.22543583048928453,0.33074192092031574,0.18846718185791903,0.27665334134997216,0.28334876869961545,0.2587063412121194,0.26858884005378025,0.2670421107652507,0.3102588961252376,0.2535236346118966,0.26933328003349244,0.21275748309355685,0.24438712591235776,0.24239298069038737,0.3019040811223873,0.2959938951532513,0.26646221464770703,0.2536396629675723,0.2696633212292092,0.320738928007108,0.20324410004759103,0.3085358150122915,0.20107831582869387,0.258161383616174,0.24244555133234402,0.2735931235057827
0.34632179064107466,0.34929425172589,0.25460412727646375,0.2905594195929031,0.2581029963100008,0.2993022674256286,0.29852810657543855,0.3875738444932876,0.36141405258025505,0.3275276181811202,0.2701343623615952,0.31569769633087275,0.30734073133791306,0.2811757385129729,0.3759981726474008,0.3048434108641203,0.2827033722891463,0.2970184796780965,0.31275885120966884,0.3504365304509939,0.3190265628220891,0.29035061603189105,0.2601243458119202,0.2841376065832985,0.39028561865777117,0.2596348863540922,0.25835360397374013,0.26722895057719365,0.2640865414722941,0.2689928216403857,0.0,0.34030043626285206,0.31662770253554373,0.3160323060003087,0.38165532085624576,0.33534524187447146,0.35437971743398905,0.3434591323895319,0.3551444493963984,0.28257082888757873,0.2992516792852759,0.2731817290070563,0.3378004456615314,0.36265896998931135,0.42402148415359425,0.2969912479446819,0.26511380585528066,0.3078528339065486,0.3254793211491539,0.3197975129499012,0.3486364660254577,0.2656227481736786,0.25266312069296337,0.34598048200920434,0.35680222426995944,0.31653344539626677,0.311241993342467,0.3121374984931394,0.32565064642643876,0.2947193082934741,0.32285617110002524,0.25407975628544066,0.27225523090968673,0.27264095325592946,0.30313192035590864,0.2891095520241302,0.3159643258347584,0.2975439409649479,0.2851847258865443,0.3804566923652282,0.3378626388767664,0.3298838301798808,0.27536139807335835,0.3312335119543689,0.324338857343998,0.30999901784011585,0.27207192813139525,0.2905706912205209,0.3087816985945617,0.24430593303546502,0.26634017032935586,0.3803103970762193,0.3175554364600593,0.28379019031938085,0.3031297205420406,0.3606723758064699,0.33148178142232765,0.38074409054380554,0.33668763046685446,0.3044023492610036,0.2955085028313906,0.40070012626447465,0.3293735405220192,0.2822462899887372,0.3066567305558681,0.3474798151212637,0.3098412115999637,0.3528120471040125,0.2700924955416771,0.3525017417207025,0.3579980441105475,0.32471738223101176,0.3060338877410353,0.3207439943002298,0.34187097946517697,0.28719777177636835,0.3100602146052104,0.30906397066951924,0.28814837089110984,0.2914263961378905,0.3137137296359676,0.304450668274204,0.3423808795347299,0.30367862364950843,0.2835480910965222,0.27512681254255517,0.31689893958536774,0.30609288160318876,0.24409537010043802,0.2732510305729256,0.2860964387789706,0.32147246875291985,0.2664250267331616,0.3518116596539533,0.31153437821500685,0.34824715592967853,0.27219375958562775,0.32299351868356796,0.29636606849947367,0.31231649250273963,0.3281358887474768,0.28518202519845764,0.28483360762549315,0.3240243698539198,0.3422469635420589,0.267593433350436,0.30788034585340546,0.3546912654178701,0.29958963277832634,0.4366855435850586,0.2873780321086719,0.30670803932321394,0.37367117424151924,0.3109869686585525,0.344161289701714,0.35862855838017055,0.3584524587562199,0.28159348678818175,0.3521662268597358,0.2035067057647138,0.42375880331249505,0.34643084344589475,0.2866254456898287,0.25972795802839904,0.3562780874739133,0.39990523894484176,0.24982532038317506,0.32926558236517633,0.2958582209303531,0.3031506141719291,0.25828589491458354,0.3640267278004182,0.2819219265532375,0.29138816909757564
0.3604703931757619,0.34723091432376135,0.3034711943124468,0.27229639846479525,0.22412123426794178,0.4024249501841571,0.26460041713830423,0.34833608374716146,0.29401055060942194,0.32391343889063656,0.3113197293175279,0.3153214846361211,0.424376509380772,0.2830602301460504,0.28547261351733716,0.42075530832305236,0.3808255875349207,0.3192295905518393,0.39953827918133605,0.3480559474716182,0.35026698286077906,0.28598598474008424,0.25689485387731104,0.24998116648921395,0.3680036858368905,0.25394951917750996,0.26960132869122816,0.3149388615370909,0.290925576126333,0.3202340382915345,0.34030043626285206,0.0,0.29557122269199554,0.3056340583074019,0.299534124387425,0.30594202426105604,0.33461731058506894,0.35631567717383544,0.30712406379330304,0.3224340142473707,0.2958780261823176,0.3079645902309281,0.3407024542871266,0.29773139081686967,0.334555107454168,0.3392812442549291,0.27480473820453716,0.2743811769511859,0.3479578037254635,0.36790466859815446,0.3678235926298883,0.3140229434732413,0.2661495334514123,0.32682267939741955,0.3613334056394914,0.315358304714837,0.41527516880682086,0.34649439242530594,0.33661564865326593,0.36834226235276046,0.3468532198938993,0.3204460954000363,0.3151445858230429,0.253491428781131,0.2761354478534773,0.3160765726137134,0.28840993763875605,0.294234321269052,0.3100291067707927,0.3375612767365545,0.34848125213097747,0.3038998333063653,0.2996517339880527,0.4227455676675415,0.4202645028219815,0.33614518982427677,0.3288745910525925,0.2817056328939533,0.2987403314461331,0.309373909885249,0.32813792756483584,0.2908378066320364,0.32707386603744043,0.33725590677634937,0.3441211881380667,0.35631215651316944,0.3229163646880778,0.362387832706316,0.38837192029333034,0.2673682632473779,0.29858561550826496,0.28156080614248336,0.41367053754592825,0.34264406998864416,0.2952893856592061,0.2885804371785353,0.290694175445767,0.3060745351773975,0.248235163378109,0.3555589690553409,0.28413183514646106,0.3661150092687814,0.2552704301408852,0.25306495695714215,0.3612747785013834,0.3487055969318645,0.38156945342349297,0.29870416271447575,0.3293327545984298,0.29073208429008,0.33579202793327406,0.2947503788343481,0.33672718639525806,0.3111227658115473,0.3120380369280981,0.31503902666486866,0.38193469054951895,0.3560622664335608,0.2943611918605435,0.26127271312120515,0.28559315779504507,0.2729653384603011,0.3052858661673982,0.3740766217976683,0.27040571280133824,0.3685017660537585,0.309856859979279,0.2896353037350836,0.3284836426033429,0.30325614801834255,0.3408747787150738,0.3779569247080061,0.3072593336851256,0.2763580815889209,0.2879984778510087,0.2607755993532592,0.31430332852777465,0.2865888637321586,0.28804604882363183,0.3800237520807856,0.24702857683416662,0.40382688916074133,0.32237982883875194,0.2962812485351911,0.346467849108471,0.2793846040853494,0.283680801266928,0.32511868253792664,0.3524180316130087,0.2521276075677448,0.30653689924888206,0.3197549905156675,0.3074504826541392,0.2728751482420675,0.3472293468932216,0.30236148457965034,0.30223810026541365,0.31455535919519867,0.2386568099168041,0.4128024616912122,0.2672866103536671,0.3451655665794472,0.27177708303338893,0.29040952044222657
0.2833761127491652,0.35317726696853313,0.25525257246448385,0.39172986649286434,0.22906615152936624,0.30110163793201217,0.3286307718700721,0.3016376891627898,0.2520809835823495,0.2660354706367878,0.2580430026771093,0.27220464682758067,0.3134338676388125,0.29087481320193226,0.4221171235036753,0.2558347321972511,0.27893472148022325,0.2917598247231989,0.2895966916757569,0.2743413153777041,0.295563642281367,0.29252675628639846,0.23993899078902428,0.27276067477904353,0.26230416222672065,0.27147574115133927,0.25078765412052684,0.2469985608528055,0.28693306407024444,0.218986309343072,0.31662770253554373,0.29557122269199554,0.0,0.24187117541824174,0.2746016350170415,0.30381911125909916,0.2888207580578816,0.3096149573091851,0.28848262941642183,0.3381507757366578,0.4362591887625225,0.23655710645908878,0.29416088434319687,0.3111022869103468,0.3346280964310568,0.3189049729547717,0.2519424007887746,0.24773117777692644,0.2894815837333788,0.33064708218892924,0.35417520925786317,0.3042519618443052,0.26659660128224355,0.38940389297987277,0.31514742450878963,0.2577717036438058,0.30496425748570305,0.2713774715760006,0.3147591121475571,0.3258202846201122,0.3001967114737564,0.2687699811248671,0.27277985687475137,0.22162576873912346,0.2689505290706632,0.26187061386742794,0.30819989314099094,0.3003272052046838,0.2852539532127056,0.2824573764501403,0.3370562088101452,0.28014079820078575,0.23191706596025397,0.33628345951271643,0.30695569370118886,0.24329106791719116,0.26810617362783884,0.288367505029971,0.31196459394996345,0.21700991077376408,0.26208338645090423,0.3203739700477601,0.30480473141022946,0.28011394650227284,0.2694958812335273,0.3305860183569093,0.24841660587120326,0.30402357626217774,0.27593121221521666,0.2725736229878593,0.29157495768710123,0.32444537983560584,0.310297789306221,0.2612857039844547,0.2905151233382115,0.33775523617968556,0.2769506263515667,0.27499875244999267,0.21853175331569794,0.3384266641803397,0.2781181295313427,0.2588308400606384,0.27210369272252766,0.300059266773395,0.31256875751344304,0.30929041303019,0.3120569813738828,0.2437663650827443,0.36833632003104,0.24538921094061955,0.28242786718971485,0.2610972645495408,0.2923682206283458,0.24808722331931796,0.3165559854879972,0.28658272824673725,0.2577002412762802,0.232129940123333,0.2611176359500527,0.23963521811922978,0.26435872342576494,0.2863640851379324,0.2414598436332912,0.3311132928211007,0.2303637882635791,0.3635897478978806,0.25532473189293764,0.2864932016026044,0.29195636996002405,0.37365416780489125,0.24272383317903354,0.26778277367366443,0.233158524418405,0.267669585374555,0.26656559740555663,0.2517245460105946,0.2505365028153836,0.38855954094318246,0.2985205946607785,0.3299612824544971,0.38507750520220624,0.2641060953055411,0.3262841725279262,0.2754469757399856,0.3065651023979831,0.2782465677828802,0.2962011854482894,0.30869001916073474,0.2626045586576322,0.1854378105238787,0.26992089801595015,0.29919941004983125,0.26415092330150225,0.2860596013614747,0.32764562521699886,0.3051655027279435,0.26510931127516973,0.29225863572946204,0.33663073686888795,0.25370441646198993,0.2757975395211093,0.27437460921436596,0.2402975815937655,0.2563157607020191
0.27960619121201336,0.2672392821123805,0.21941533950932546,0.2880498300236059,0.22142870950329296,0.2415024969542748,0.29214038784761326,0.28504336772418726,0.23998415964796452,0.2579650169898599,0.2635326711171206,0.31327596588000517,0.2617679019716448,0.2413533379142778,0.2373485467994159,0.2773629516602897,0.29069195719334295,0.2527146313246416,0.3027571347336659,0.3029545660882706,0.294280807909727,0.2172528272380639,0.3606022890537688,0.25767308834346686,0.3396475203615916,0.2855947145200611,0.27673423530930014,0.3504727729986605,0.22312988611400603,0.24199930288723676,0.3160323060003087,0.3056340583074019,0.24187117541824174,0.0,0.2972431539401309,0.29236037358580486,0.28583209786936714,0.2869847691269583,0.27786479542638476,0.27929946220382423,0.24658250844908292,0.28190600378593256,0.24619681289014664,0.2722782164719901,0.34362397086025925,0.2851272618569009,0.23059007805356804,0.23718969301607648,0.34557189938821486,0.2564278753595998,0.2836456706337955,0.27480388217654794,0.2176987824111507,0.26116341149057326,0.28990496997224435,0.27627810925721447,0.2888176488226396,0.2802614585894697,0.25451982580799315,0.2920971531221074,0.25404594565177985,0.2211309822550707,0.23745270934652174,0.25498451696717184,0.2239371425625945,0.2621723186207445,0.3070264765511212,0.22250951669065538,0.23270734352971242,0.2877164212159086,0.24695312959246138,0.25869987564572905,0.28719098455193304,0.2949608695767876,0.27635508937527775,0.28460730369337534,0.3026598825540477,0.28025800280079566,0.2946344459271043,0.22929415018986696,0.23091984538477342,0.2725958674902108,0.2426957009246162,0.26671683711366373,0.3150758716078341,0.31449041713133363,0.29101070310677385,0.2610213030490108,0.3240845522948909,0.3017669815471083,0.26382915303787396,0.3150722343125025,0.2511720196221854,0.28219398193279605,0.2751821583075229,0.2502528235954593,0.22586481138208062,0.37078541474092125,0.23888050694864413,0.34858048031947964,0.283483122443706,0.2764997272583812,0.29457153920994195,0.2554049478246117,0.26789154308962404,0.2841368420204988,0.274278115675163,0.3333003326379054,0.259299438227372,0.27134162670605927,0.3602224242352647,0.29968719946681716,0.2959062003806492,0.2921346051500401,0.274100571777784,0.2740408944190972,0.31646499391078864,0.264780366566444,0.25765202141106275,0.28992959495511283,0.23723590184293813,0.26882879722383446,0.31568082623698374,0.3080052765553854,0.2257601077682847,0.2640864242769253,0.2667623929303531,0.26354679534538844,0.332961011542008,0.23505305916958047,0.2608522639355495,0.23688074469601997,0.2718108078509308,0.30879193310546876,0.26078036770763696,0.20307996091645023,0.2572484900405082,0.2682577981822336,0.28106681637159187,0.29118568698428293,0.20633906634174545,0.2721228465057273,0.3100527029860708,0.2663072844580687,0.3132178429083181,0.37057630699026695,0.25368839507746305,0.2354337515945883,0.29761575550592695,0.22973639678777744,0.32148142841689575,0.25126881813415375,0.2662845325359336,0.2175841864922819,0.351182282707622,0.2853352764164822,0.25006078635352363,0.28470127876554185,0.2303864322491032,0.3172486365063729,0.2275336122655687,0.27352832367860996,0.26588236853524194,0.27630606495059434
0.3790486485779773,0.33560841313002643,0.23861187653324267,0.2858816395464836,0.28508245348466577,0.2649011570072455,0.2691677381478881,0.3178889877092129,0.3375127227174822,0.2885814222744695,0.2844067509960942,0.2544809716189907,0.3059947025435125,0.38251250715164714,0.287302422167385,0.3021222838388089,0.31920866341841025,0.3360144196945671,0.2871996324315796,0.39150297428053693,0.31871654380429126,0.2801170091505192,0.27879444585353663,0.2760093069621239,0.35638688223124443,0.2583415012655934,0.256184479424045,0.31772671203657976,0.29903494410034087,0.23745053278132228,0.38165532085624576,0.299534124387425,0.2746016350170415,0.2972431539401309,0.0,0.3510831222343296,0.31373115822542624,0.4114172459943384,0.2781743318360159,0.314471658534425,0.3094030227889201,0.27533517574783667,0.2820159344264481,0.36772804018160565,0.35013781981329445,0.2688733162658316,0.25147290091844554,0.30156439651319994,0.35467689160984994,0.35062991816475614,0.30765395559266584,0.30009038150339307,0.27905826936286654,0.3055443998929972,0.3051059523251812,0.30901288261203547,0.3228995735637893,0.2769660658628949,0.3516697278522605,0.3270829362344112,0.29023117861492087,0.2348190825271047,0.27617788299470053,0.344302243072207,0.2833792618765247,0.27281407029136184,0.3160837229975097,0.2652312962107802,0.29189636623214765,0.3506500953284545,0.3045801805608574,0.4307558153475391,0.3499922750389346,0.3182337250023356,0.3121301949814864,0.300568019492812,0.24362115417969027,0.26408536403049393,0.28971323675496835,0.23584035459483202,0.2637171320078358,0.3238775243151851,0.28191911368637856,0.33537528317829884,0.33319123525624783,0.37293511003321433,0.3144157483961775,0.33687172498925266,0.3226225057819173,0.28663091816989517,0.3367237049886333,0.37791597845730024,0.3232443425178244,0.2947475089865701,0.3579340453378002,0.2941931054064609,0.253295477884331,0.3276579275072702,0.30490290601301556,0.35098888631432507,0.3728588306668927,0.24591689282972587,0.3009741236570079,0.28110968149362825,0.37158560897552584,0.2733108046628652,0.2644760406019041,0.3428043902777917,0.29349092835333035,0.27789495614524606,0.29072730491400656,0.3322275016119983,0.3488620859543769,0.3163120787628018,0.3184546629920303,0.3053794664858977,0.33712163547513513,0.29251824515389596,0.29906729166807083,0.3409774476538177,0.35885059046638734,0.2914333628136818,0.3362457927083811,0.30559726888768507,0.3896149540294124,0.2776478933335989,0.2926243618199881,0.24659009079609315,0.35096659596535246,0.3030176043412246,0.30443517277538273,0.2624316672910895,0.31978476686977797,0.3838329043341356,0.3305332924989336,0.2896412218447186,0.2830816018770973,0.41587874316039836,0.31197404423667885,0.3213551452269463,0.2796187032144371,0.3275745147851594,0.37443615525555846,0.3035132302075816,0.34620349677928647,0.33088757448208295,0.29203501046234953,0.23664064193513468,0.3304727529648432,0.22409807574056273,0.408525836055259,0.3076141996987119,0.3076413106703474,0.23651215871636957,0.3119512245491363,0.347045387929039,0.2527037826252785,0.29715529024518356,0.3632669867439513,0.2941855600528944,0.24865545257269558,0.4313615714438293,0.270223412735675,0.36066557517295567
0.28775496404735423,0.3292867499547645,0.26691291177493287,0.31787228580572646,0.2710456847125655,0.2642201721287414,0.27277620934961816,0.3433507694471805,0.2810267956841047,0.28086727946457013,0.3032021221596361,0.30131469453938187,0.2638555521065973,0.3169496644009993,0.27427072287503773,0.28878852943933675,0.28877576080105694,0.283317864936885,0.3017957866796985,0.28910666716101013,0.3396781377904757,0.296285729807159,0.27697130865532976,0.2475165613367961,0.3280011803282288,0.28086244599391536,0.25838832501182285,0.25267489182792785,0.2704587062213124,0.23951912047974144,0.33534524187447146,0.30594202426105604,0.30381911125909916,0.29236037358580486,0.3510831222343296,0.0,0.30389635512726737,0.4359281950118582,0.3299897036641301,0.28250855118473106,0.3889435759721009,0.2592186759646181,0.29340325960039915,0.3380911697574414,0.3401439317122329,0.27458485541827615,0.2613848304444248,0.32025319577784045,0.3300548717261797,0.3910618012405713,0.3437673303903154,0.28684655254096114,0.2810628184509946,0.36025915697162997,0.40631286361185953,0.28121053272673385,0.3059707641742099,0.3189546710851383,0.32547002131997965,0.376501194641865,0.29268678435557166,0.30690029900624455,0.2844710012660295,0.40189066167986126,0.28069756396468354,0.26616683769550686,0.2898937098477472,0.2572806999402437,0.32277191942634276,0.30429786619868815,0.3049239779275436,0.3536329915780209,0.3196965093466206,0.3185327800864224,0.31839424909099123,0.23750523855480402,0.277124192750129,0.285930381808537,0.30895658315993874,0.21324055933575736,0.2565851980442808,0.3581771887740212,0.26804895126238926,0.3292652564330724,0.36889545226281545,0.3670995025125465,0.29068935003063767,0.33521018916503365,0.28270398426462096,0.2990744454270516,0.3620072520539038,0.3541689835775921,0.38697547078526867,0.2678589311410575,0.3711997162677702,0.32745361812483414,0.2824832732829802,0.3187471102208192,0.33476630946838065,0.3121442085893609,0.35791764625860784,0.30180218318545293,0.345076325112802,0.30548730004229563,0.3854715836190091,0.28030382291928163,0.3147452267627739,0.3064662111591444,0.2880018268741551,0.2810168517492414,0.2998998149950617,0.4156058687324948,0.33516261779375944,0.30283704889923585,0.33339320338757866,0.2568996120624531,0.26570910873166875,0.28252412011338296,0.3200908798762766,0.32220475894294165,0.3321936930088449,0.34996014386467195,0.30802863574280004,0.28049699540719064,0.293018805269354,0.2855125793404797,0.3800680885717341,0.317508574449471,0.4087466518892867,0.33298563009523974,0.27486117698958945,0.2778400148076205,0.28474975587297946,0.3696290133838799,0.3589908901115857,0.2512551092508602,0.24781778593829334,0.3275724807568886,0.3222914856164727,0.3665519472738324,0.26785616845511145,0.37109270538089867,0.3441420002240273,0.4028625100487274,0.37793053778292907,0.3329684149321421,0.3293565070368745,0.25318009150178,0.31958821832163203,0.28222310940716683,0.32912056793943434,0.3037610398343888,0.35084469208775876,0.29040617839371347,0.3509265394481962,0.31145430511050914,0.22646007541927285,0.27850563656076566,0.26842016984215444,0.28188240431047884,0.26266497119816906,0.3049830288147485,0.29547034231189834,0.300527505411685
0.3777731820782771,0.3201771981643791,0.2952731537955337,0.3023189502525375,0.27009752358537714,0.31114709156210435,0.34587946194274477,0.3369813885428725,0.2787222677640724,0.30723770578767634,0.38665721353499277,0.3326349746463993,0.43282457837240407,0.27550762164332854,0.31781127787947516,0.35822181656939894,0.3280518813181406,0.3035920142463828,0.27751514352143974,0.3124059753746014,0.3643357483394588,0.3276943827478814,0.2936475097329905,0.3470221477931763,0.39128875243856537,0.3205975293773486,0.27405290895559503,0.2780007030558647,0.29704393039896293,0.30710222521706076,0.35437971743398905,0.33461731058506894,0.2888207580578816,0.28583209786936714,0.31373115822542624,0.30389635512726737,0.0,0.3406431891474182,0.34228547948251564,0.362420143103809,0.2903920356570151,0.3053988382995503,0.33994680537825295,0.36889882083050685,0.3849248172537043,0.32259417947534763,0.27735954740248137,0.39764005230701077,0.40524505824167567,0.2914667094429624,0.3985278749839347,0.28317563200268814,0.2301773698917341,0.35690300694750227,0.36291144718252005,0.3215534480388788,0.33067780754236337,0.33525901040054285,0.3086547800454779,0.30480574198426014,0.3491420321816719,0.24122193901791172,0.2886612765445697,0.23667187586789992,0.2395308828574926,0.2731386366257586,0.3548070810807,0.4049097238007948,0.2900678075649244,0.3786808304547237,0.37119247307723674,0.2918106259458511,0.28662931924749796,0.42528971810511984,0.2895697626471904,0.2881305923559157,0.3673396639450306,0.35605709664746876,0.30455955116564215,0.28499171161281234,0.29683732279378333,0.3076935843335128,0.3859098518085168,0.31728756947174225,0.2998073552111274,0.363465156985598,0.39729962929972923,0.32102189822592647,0.3153108197227468,0.32435730962691545,0.3534131429295159,0.29141117849043807,0.3262997497348634,0.28555573464825734,0.30899517014217676,0.3867158031297656,0.2368321240570767,0.2838034949892559,0.22973737753819937,0.3134254810200969,0.35127031603733283,0.3201887988587588,0.27419359262419457,0.27046662729807464,0.2812920121775774,0.33101528228248667,0.29394603572569183,0.3259458979197114,0.32346286484060416,0.42513848199420623,0.35969089875696214,0.2854541350927642,0.34316204902764536,0.2829552690390208,0.28874362152711996,0.3082122672452683,0.2750050403232512,0.3034088353504008,0.304295870812993,0.25450474904285564,0.3098434440021717,0.29468148011422296,0.3158306798178973,0.4125631827625107,0.27613921879963216,0.3726637655249757,0.24426848637387816,0.35520888656969085,0.2902349773130481,0.31061575615171944,0.2677351534051103,0.29861817025742465,0.36850204362599676,0.2717337822041193,0.3539832910155594,0.2662762441613384,0.3484250002588774,0.3200925981702778,0.2981002807472567,0.39246665705897693,0.27143447718880576,0.31437063049994746,0.3340306938797831,0.2641502152934533,0.4243860328856663,0.3329778779241634,0.3504981446882909,0.3041178551705611,0.3270073835236251,0.1961126387466862,0.3771090913439757,0.27976073072809415,0.3153571089895972,0.2949803793932275,0.3594927202669452,0.4652677175517775,0.3570377608895171,0.4115932251125921,0.28711209000126875,0.32556491083836886,0.26107773008857554,0.3195088221382329,0.2609406615813425,0.3825951326303951
0.363965662547077,0.32202517677158954,0.2989803969644714,0.3120058791281003,0.2688386041809564,0.2691715203143916,0.2646719444377058,0.3643829109931702,0.36347015407133976,0.2923981844020744,0.30056991217442686,0.2739865984578788,0.34093113210243325,0.4180625565764376,0.2696716259636105,0.3741207037760154,0.3724850469207376,0.3965684451078743,0.30524004463747073,0.35800360564948913,0.36814956551613237,0.31484348557610825,0.28875413463642263,0.24643690268682059,0.33578375159756796,0.3085974010668954,0.295783970421516,0.30533199280735546,0.2860224978832693,0.29336520387918386,0.3434591323895319,0.35631567717383544,0.3096149573091851,0.2869847691269583,0.4114172459943384,0.4359281950118582,0.3406431891474182,0.0,0.29424976416179527,0.3273000038426991,0.3493799992125964,0.2947504382267545,0.3397374098733972,0.3251919124764534,0.3862902902505894,0.321437646186524,0.2994232256456586,0.29418579344397655,0.3688198338644186,0.46356151362435694,0.3710400870328743,0.32109735699912517,0.3210320078302402,0.3437155234788429,0.3445272293834587,0.3223370774042618,0.4026284353556658,0.3153834150769999,0.3797674016014707,0.3889220910213259,0.30368787015818605,0.31985546738683746,0.33538262465134316,0.3859571048894231,0.3081053890815243,0.3211442426248248,0.3171029024570181,0.3152402260184357,0.442515375849529,0.39788893321002816,0.3590667022714916,0.4084365957871614,0.3695347734859258,0.38525844890586525,0.41004114124468655,0.286297473568638,0.29630767327686514,0.28368726566155117,0.3771413923553076,0.24975313850978226,0.2863677139004492,0.3682091681351035,0.3087966921899359,0.41533656984247186,0.40971210278484865,0.4788405705385195,0.32134266569546577,0.4046772806583683,0.3587693333738748,0.33107468946580143,0.3960013031895999,0.32522487132100497,0.3610778917106879,0.3187920962329195,0.44146500400186905,0.31090705782263744,0.3155449548259615,0.3194336846892276,0.3304862835876533,0.3360934263807309,0.35290379090533786,0.309181081972973,0.3348401356403617,0.304558474100985,0.45595552284384955,0.34739375057062893,0.3436940132387376,0.34296330310812473,0.3266365831166309,0.2691818365412452,0.28804558237265276,0.4318007528230976,0.3722204403851885,0.39586775164048343,0.37129825315769177,0.3152113149233734,0.29961012259821695,0.3268842134842293,0.30688684006790823,0.350806304073145,0.3804485106098926,0.36067401467291643,0.3397931524642872,0.31130450912416324,0.3379470981553526,0.2933071232882725,0.38294975248791313,0.29131081705722933,0.3671808899052182,0.41759294636393773,0.37576370625813843,0.36027819199224953,0.3384942915778319,0.36459749646862327,0.343046153091408,0.2875640361362056,0.28541211442669784,0.37293493261820315,0.33752614650315815,0.40761356267675625,0.2775836738252568,0.3990910504264548,0.38071100835835503,0.3874790072045844,0.4132409021664002,0.3639464703329247,0.3348709159380457,0.27919823311195896,0.3643671157415384,0.28102054976211766,0.3326042748843155,0.3249286172986063,0.3710002602343112,0.2841826357242954,0.3409907228896571,0.378008039270467,0.2737456314236599,0.2975804119182747,0.28283376782010355,0.34999045849661303,0.2955370957946253,0.36279639131307356,0.3223375374931916,0.3258908538732426
0.2628754528858869,0.2928390442968194,0.26138412812381523,0.2941810281830211,0.28432581109601673,0.2591942384819345,0.3286004004319368,0.28453080799918745,0.25458256802318385,0.2505051440415392,0.354623132659855,0.37482233366273887,0.2732501792126627,0.23644720984901219,0.33223996496249397,0.31137349279939724,0.30404089301103343,0.2477217714975478,0.28149604252138777,0.264430170522648,0.32426798962703457,0.3278072016041488,0.24627732531529262,0.2908592110521357,0.2807205300877353,0.28602031755133334,0.24145866113297484,0.23068785376625242,0.26602313660319193,0.24577381575463542,0.3551444493963984,0.30712406379330304,0.28848262941642183,0.27786479542638476,0.2781743318360159,0.3299897036641301,0.34228547948251564,0.29424976416179527,0.0,0.282825309530754,0.29306081748333995,0.2579305464264824,0.32927682939884656,0.3461087199274294,0.3075938314178741,0.2813046980552111,0.22476746190130903,0.35051974309569695,0.3101799384411233,0.310891625647937,0.368453977713313,0.2525813855174211,0.24275782531607942,0.38208528466576763,0.40606408188053367,0.23640882052745876,0.3126660942222484,0.3200095423362842,0.2758729969869318,0.28997238854491847,0.3049979898886651,0.23381596824890294,0.2517519434692714,0.2638044393568588,0.2693176534364335,0.24888685713851538,0.31160386600635986,0.2715099158317944,0.2524989267223284,0.26471785119488106,0.32565563886388,0.26206583760569796,0.24439755501031546,0.3460267759961184,0.2767666554983013,0.23764152235944083,0.38092126334034704,0.32069998619408074,0.28408986650622503,0.23619371978313786,0.2391421331680548,0.30922844575780434,0.2797859936572533,0.23419827261484963,0.27689254731659185,0.27032408337014524,0.270366126428353,0.30020059198410626,0.25473458900839013,0.2895582021373144,0.30712984131598425,0.28303374185290703,0.3725936105128189,0.26001002062040746,0.2907002422221162,0.3249524001590332,0.261486842657359,0.23812310280423687,0.2526660737152784,0.25999266269529336,0.3188401590211009,0.3457660451206178,0.2622136103426587,0.24257819943134157,0.26108629836843156,0.26899761638056036,0.3070185137394609,0.24274108512047496,0.2879848464944825,0.31598426384840245,0.37207123768105577,0.3029826288837285,0.2614247506843397,0.2868233194259564,0.24344016540842525,0.2406623956052178,0.2302759469248756,0.32782979441512916,0.2712579380497422,0.2360473409631601,0.32550404610626094,0.2656197122589044,0.24159680278445883,0.32882703145168823,0.25220391751852583,0.33804478755778206,0.2522322324397627,0.3554051412424427,0.27670803679619094,0.28149565146769073,0.21922069277491468,0.28017181380018974,0.2683850452828966,0.29492147282655184,0.39291711122330825,0.26517419206617815,0.26645826940824596,0.30480654943783364,0.26986878586717744,0.3589281445787385,0.2315575389911944,0.2948960512949865,0.3207317742565753,0.31117282201129715,0.39461977818814353,0.27762032384199925,0.35035501879444825,0.2929397919570102,0.2600736223133332,0.2151594316193046,0.3309542965974311,0.2598785774122107,0.3470804574429186,0.26682267944539423,0.3070199503841588,0.318784434229311,0.2444502367309966,0.27627604830491986,0.24674088370072675,0.2795909061091439,0.2206535359003614,0.24216564947896177,0.26307513235576235,0.32943860850485435
0.337556533745606,0.3330313389009127,0.2902796752386173,0.35151578059334093,0.25433854157106545,0.2502212482155922,0.34544821665868314,0.30510181247759177,0.2601719365813387,0.3054556790470104,0.30590922128237913,0.28463312154157905,0.3572141139249811,0.31282980254461956,0.3278144651272081,0.32851068978333536,0.3789136947450774,0.35355568599626785,0.2917438178854173,0.2898721805295653,0.38650814156980917,0.30634230178278066,0.3267015080914635,0.36720279124643396,0.3346861672845646,0.31543332099812516,0.3087890321053458,0.3070346129359231,0.32394083615458125,0.2700211532485304,0.28257082888757873,0.3224340142473707,0.3381507757366578,0.27929946220382423,0.314471658534425,0.28250855118473106,0.362420143103809,0.3273000038426991,0.282825309530754,0.0,0.34780383179269664,0.29918694647471744,0.2940504372375714,0.2924315729413702,0.35532683613017246,0.36354275654211726,0.26980564811606667,0.26862521775471654,0.4121670252347755,0.30652997735930837,0.38733176957942617,0.3229789280471279,0.2587339661223562,0.34844926512790597,0.3049378791848282,0.2915806521787105,0.3815167848046358,0.28724118424849876,0.3533720395741782,0.3562301185548332,0.2879403015661507,0.23938493425987312,0.2957507648293545,0.23922586688208533,0.2583888989126862,0.2821038997869977,0.3334207008461018,0.2860368709629259,0.2804413851363718,0.3062438735992086,0.3276478056349963,0.3162699374293535,0.27461829883972766,0.4715148876141571,0.2904054986318844,0.27234909007252595,0.3295259173167599,0.33754270339952247,0.2984986179618615,0.2557091468540721,0.2780546127389625,0.3022325066114213,0.3298094823326411,0.27440299751397,0.34285935585677746,0.37313526721772483,0.277457489795312,0.3036844688803401,0.3083731121172411,0.2730438205127213,0.3245280749438591,0.2741366634426414,0.31695128044136656,0.28867563224237847,0.3486846059620844,0.26485612402337927,0.2180736758873633,0.2762659725880034,0.23163195482731885,0.36786182789731897,0.2807782648824356,0.2834438771473259,0.26181604353521115,0.24987519121003743,0.28560946255201264,0.3262000281747401,0.29635612434456005,0.3053998017996454,0.433062513822674,0.3367908774594225,0.3214625156359289,0.29710909114308337,0.3065572652563199,0.2636244041881427,0.31927216966222033,0.38508313087126733,0.31374172113568694,0.29060967477683586,0.29339711778474026,0.2533612921818347,0.3202828421857346,0.25975064966021477,0.3092377106572512,0.3869420131428554,0.2484802770750141,0.3262190213147912,0.2741645254773002,0.2883641150855317,0.31444914502859156,0.33203943297924327,0.263947052480999,0.28905412172617145,0.2714711832308522,0.2613191540733731,0.26742790511254344,0.25633960950923346,0.27814103131780005,0.44989082977705186,0.3692405560181619,0.3439979426378769,0.2436095487357308,0.2892450138381151,0.39117286133020324,0.2523969161028627,0.3233702251575768,0.2960264951582727,0.2908170354420161,0.30873871046289775,0.3128649452433138,0.20629148872316297,0.316503525721674,0.2822607853015721,0.3136008780146267,0.35275792394761735,0.3354829205676177,0.3120746136753842,0.3558706432354238,0.33272505714361905,0.3424175631375871,0.3342709062887401,0.2800033460063075,0.2995128489281313,0.266618787573301,0.3424712122502468
0.29478456101348377,0.3513843692067613,0.280528585196588,0.31720452512387803,0.26005300318150826,0.28414788895209436,0.3355356960147839,0.2964108212140445,0.24134245493348505,0.27035913133711925,0.2748545758096831,0.287656406196001,0.31830137576417794,0.30236907977452665,0.37372291739248814,0.2654919206977894,0.3323793378509005,0.3034622486367856,0.30587694584206954,0.29177750372850136,0.3441318739658195,0.300156461883829,0.26870754709326883,0.30057202846462305,0.27396495872643517,0.308732464818772,0.23868140803390844,0.25827129528777537,0.30239795603529757,0.23825599215643364,0.2992516792852759,0.2958780261823176,0.4362591887625225,0.24658250844908292,0.3094030227889201,0.3889435759721009,0.2903920356570151,0.3493799992125964,0.29306081748333995,0.34780383179269664,0.0,0.2516119734287614,0.33442239264532847,0.3587538871553473,0.3259737344028864,0.32278720558246476,0.3145978747208135,0.28117515202102744,0.31760790696964697,0.41233518924288204,0.38691777959263296,0.38032493869587547,0.2838073411663575,0.4099894424399464,0.329433020004468,0.26657538231372296,0.34270797565312267,0.2912626138319319,0.34866816737545286,0.367575193868517,0.2861810656744334,0.2854723664456017,0.31739099442254043,0.27596533969981635,0.291014760419975,0.27071995773459023,0.27282008396508745,0.2892992747139827,0.31645562773325986,0.26720499268472164,0.35350906531461807,0.32719943014907105,0.25988998904927396,0.35109592543985846,0.3083426461745473,0.24979089089246112,0.26732607802343844,0.30492618613850125,0.3250738320658716,0.23309810461440397,0.31300433104969383,0.30687499033848964,0.29972413366101647,0.30946129879653295,0.3025888551933085,0.36100230049015186,0.23602873719308867,0.31575492261871907,0.27063378715322267,0.2548642256576771,0.33403128729194836,0.32314137985407465,0.39107024637121257,0.291926774655243,0.30874296616989216,0.31218047410832983,0.27723274464344977,0.3046824968099503,0.24763815915418483,0.33883991666931446,0.28131758344578034,0.25969003067416035,0.298071492576906,0.30963646683530405,0.33010017274290004,0.324231167713589,0.3510455514334162,0.261022537959697,0.43933030357926467,0.2777471557604467,0.3220390486591584,0.3234954591761146,0.2886475893503197,0.24411949100643124,0.33317550243827065,0.32360360553715306,0.2765240999576153,0.2531779595985471,0.31783983516225955,0.25280566321930714,0.318984185039049,0.31187774365744625,0.26947435144514653,0.33234965324281995,0.24982644741951102,0.359912922993963,0.29556291088187614,0.2809791608944711,0.3486239595180816,0.4175011224460791,0.25619846937134133,0.2933561645820971,0.2264863911176475,0.2867205139187322,0.2831204192788961,0.2934153491946847,0.2870061438462784,0.4067277763775954,0.2819540252808033,0.3414496952345563,0.3151833028180789,0.283580798304643,0.3206298618373523,0.3085427263975333,0.35543429587966485,0.2946647460123396,0.31092654182365576,0.3104231961164723,0.2873930450413832,0.2160749362670502,0.2824048820899273,0.30702340536953715,0.3041553041809631,0.3341281502209704,0.3422049868503569,0.27711237967101016,0.2585705698024515,0.3018123743744084,0.29247390855998934,0.26873913117338427,0.3182960297924134,0.29848917541877296,0.26820527183718773,0.28155899725892586
0.3042312314756853,0.31018592502466436,0.29824562368757507,0.2807894256151282,0.30424086764414177,0.30509866036255756,0.3006113774191273,0.29889667482959087,0.35099297224787857,0.2963533393055314,0.3113572131055427,0.3020376427632036,0.28599378334748793,0.272730328482758,0.25271204889554216,0.2898981825148224,0.32197512219883107,0.27738644790118927,0.2673955387606472,0.26456253036366323,0.3481267318681859,0.3306938160449343,0.2931024352168483,0.26815108645647245,0.325051856092316,0.26717884907854134,0.2666383995800061,0.2736118136397265,0.2438758015997752,0.3125924827913965,0.2731817290070563,0.3079645902309281,0.23655710645908878,0.28190600378593256,0.27533517574783667,0.2592186759646181,0.3053988382995503,0.2947504382267545,0.2579305464264824,0.29918694647471744,0.2516119734287614,0.0,0.2550882067125753,0.2756622317582862,0.2630603076809333,0.24709144409255737,0.26763550832421923,0.24244256027136563,0.3008289438758622,0.27155241148285614,0.29587332022652435,0.27471620096409494,0.2318771945822092,0.2712056376361422,0.24751605567306892,0.3933167407283889,0.2817655167086479,0.3462544053167773,0.2761292451334502,0.2419576346726048,0.24676875375137458,0.2418537706175666,0.27912561592497814,0.2501286119044697,0.2576478759881258,0.25217904840440214,0.2900504938215277,0.288569119946217,0.2622753688057363,0.33703514659157685,0.2986856688372893,0.2363233308240779,0.3525645942312808,0.3330267067477785,0.31106090265614705,0.23188990697995887,0.2893550399928167,0.2971214767513896,0.23526851410888033,0.2455492549019241,0.31270521765337705,0.3131941606877348,0.3184912271958297,0.24768082201502575,0.3315996324062596,0.31794833945353884,0.329514695163032,0.25059890154961373,0.24678845334670407,0.31781576087595664,0.3313769225133541,0.3010606584754486,0.2551709397171159,0.23606026213519837,0.3245128430157172,0.29120057204928945,0.222442380621326,0.3253932186688914,0.27496796118152494,0.26173349233302134,0.23154764900420133,0.272865825636215,0.27524084387994957,0.24135267535650698,0.2700644002171853,0.27148699158059997,0.25562685061342444,0.37513206918258457,0.2597124193553123,0.32000983270441224,0.3227232459787425,0.30624840626392247,0.3144683428889686,0.33612465286624393,0.2312286424089015,0.32971598616334136,0.2882876382337964,0.2551850828685537,0.295776749018828,0.3087109322167335,0.2733197539104124,0.25792113084543294,0.32119035412533303,0.3020842488242,0.2751054620445948,0.2408827671709227,0.2870305238466973,0.2599945485241327,0.27280338002982807,0.23971532842243445,0.37995667108523506,0.34142753297962586,0.24110072894594634,0.3274495489669711,0.26446483141168703,0.24647469234643987,0.2454276405749418,0.2525530167567498,0.2472077396261169,0.2834650233108182,0.20950582292641454,0.347508382626016,0.31296475307925137,0.308485154624159,0.33783488453935917,0.327632746852403,0.34134054539441355,0.2500225799455728,0.31171512524866396,0.268935970318186,0.27382810558825554,0.2544508760538478,0.28912887948053306,0.27937164913745827,0.34590756679293294,0.3061577255766985,0.26888145581200434,0.32914239015505675,0.21905736770613304,0.29460822100020373,0.25211934325589574,0.2962445762093386,0.3212860092852314,0.3707368009243901
0.3503275921246088,0.2617800033253404,0.2639759632312104,0.25761999252254525,0.2594152805452497,0.27959504576477967,0.2789388746720467,0.2995406263505439,0.26619761893089716,0.25956230713861583,0.28154094403245344,0.29396272363626835,0.3200272925763323,0.24655315152584215,0.3501130748623556,0.3211542990960791,0.3594563225837251,0.34724643175611414,0.3289482088667136,0.3455787986017724,0.39998553140864057,0.2924641901593113,0.24931076944769648,0.29545250614139956,0.3141730072520243,0.29210765565499297,0.2151756265029384,0.24727443294086476,0.23981953882832685,0.27856118988115103,0.3378004456615314,0.3407024542871266,0.29416088434319687,0.24619681289014664,0.2820159344264481,0.29340325960039915,0.33994680537825295,0.3397374098733972,0.32927682939884656,0.2940504372375714,0.33442239264532847,0.2550882067125753,0.0,0.33912834826413996,0.33749161423484453,0.35145910564239696,0.31997987755766333,0.3309404717323864,0.3275188819284077,0.3988059100569311,0.42087390722803447,0.3343398641201845,0.2618454390795322,0.31717980124494244,0.300818871115935,0.24643516618157843,0.40447338491394474,0.3224916898228516,0.3439859659678395,0.3142693860401478,0.29410259036559067,0.2932087845042836,0.379217082164263,0.2642347914330064,0.3411373637849238,0.33311651135204623,0.2516506913974444,0.35138560719116163,0.34805907718903084,0.3322649618870071,0.3964913885594117,0.31262486232317155,0.24263887125186512,0.36004212576774497,0.32876121437475103,0.27743506290157777,0.309164608447698,0.27429823184169316,0.38272544413077336,0.25749162208608944,0.32970704408091056,0.3296526722059139,0.3324144107812771,0.3130721491962019,0.3137688299636341,0.3089778413597864,0.28616249595649496,0.3788368666524898,0.3117090727096243,0.22866485354676858,0.326485809208765,0.26901045336624996,0.3693185388154503,0.29584581717885383,0.27977312404688026,0.2656633088287695,0.2927328347498633,0.26426115575501086,0.24537304107203667,0.2827865207575459,0.27424347781750447,0.34879628475933916,0.2901169436909626,0.29017543971131926,0.35018779214718276,0.3762200872471438,0.41048417740256754,0.2658663506289585,0.3555118984638867,0.28460324380383106,0.3130974360121694,0.31906957196404784,0.2780148205810065,0.27664031339254447,0.32904216586421875,0.2749073452965382,0.3053171496916654,0.3339357267571639,0.2710914620239254,0.21932542549280942,0.3044511752954921,0.28067987312530635,0.27046034007426034,0.3415862470940456,0.24982468837777133,0.3106269209785098,0.2550600122477014,0.2946260294121051,0.27864277043516644,0.36549046859318485,0.2533513098710771,0.32451491459064935,0.24689016485677703,0.2546397508940817,0.31209795022824505,0.299842558169794,0.36299341565772014,0.3210384135279565,0.2878336828515305,0.42883204712520195,0.27112687266346797,0.29177248359586344,0.29447281709466827,0.27397713593100326,0.34869819069878655,0.3139038996976649,0.31847749069232273,0.34126890367974955,0.31941114573989976,0.21418828202930154,0.3429680054472053,0.3170169925295197,0.30531921726766237,0.2654891552781297,0.3414240800856439,0.3331514091885953,0.24767010090896338,0.29961081334880585,0.2323862316392723,0.29134173171392597,0.2771369465597954,0.29894526892223733,0.27109700824916777,0.3091793410084399
0.3206136706362087,0.2938955601023996,0.2691177293895696,0.2960095705339693,0.301054912767796,0.3161203845342076,0.3245186126729205,0.2771220190579025,0.2681958104687278,0.2568504966220326,0.33681053014675605,0.3265706995313476,0.2877841326846871,0.26404244733836807,0.3131215208077997,0.32092332168665566,0.3135814121700799,0.26308642560579604,0.2818461133764594,0.30431197105048374,0.4124146391826999,0.31002802783555966,0.2324383585943717,0.34663380996775867,0.3388897781433341,0.3192250667748138,0.20779993146266018,0.242532154898765,0.2855562203503922,0.26143589875897183,0.36265896998931135,0.29773139081686967,0.3111022869103468,0.2722782164719901,0.36772804018160565,0.3380911697574414,0.36889882083050685,0.3251919124764534,0.3461087199274294,0.2924315729413702,0.3587538871553473,0.2756622317582862,0.33912834826413996,0.0,0.30304929776411516,0.2674139134456022,0.26755044430720376,0.4342458537762651,0.3237683785383361,0.32916728181593213,0.3684242261674008,0.3555821135021893,0.23535151588659006,0.3914753761242453,0.3457245960871486,0.2877115610372882,0.31074389591100654,0.3465523201386053,0.2945679476912695,0.2637151047481582,0.2795493711282314,0.23506993643237287,0.3005058549268159,0.2665499326235889,0.2793005121427703,0.27341087101404676,0.30020658895571894,0.3174393568931179,0.2538635071627171,0.299911876890922,0.35779462642703824,0.298189154943082,0.2906518760394636,0.3233761498217379,0.28479251856428,0.2631994590082633,0.3022347378054509,0.3182851171972459,0.2790723500776378,0.27804392473871364,0.32491852383492736,0.30409740652105827,0.3349647253992991,0.2717840524680172,0.31311110163501427,0.2972747491632563,0.29743045966388826,0.29051439133853285,0.2489623668480577,0.2803867192087364,0.38721790074274864,0.33563935088184405,0.3502155353281682,0.2850364569545116,0.31113534881884,0.4023476612811841,0.24612622560652764,0.31469135296680095,0.24855367737480996,0.2745059478550707,0.34960578014078086,0.29479221168098296,0.3159659654484261,0.2869342555470145,0.28166072349698007,0.29255802063247294,0.30185317532862666,0.295576588621602,0.30114814606642126,0.3520119522539278,0.4186627789633384,0.3137788245913117,0.3262679936510056,0.2637899343385038,0.2769895897303632,0.2735449590580167,0.2652741353476441,0.29683761654587587,0.3845465419447341,0.25432463749686524,0.3896952468682173,0.28791221952445406,0.29265286817783365,0.3866067578414094,0.2969620259861175,0.3450605285606076,0.2552129291401875,0.30885989915839024,0.3216137081649435,0.3048401621461213,0.24277833287596773,0.31051055996771165,0.2595511758820432,0.3145173905174491,0.36426209314650654,0.31890044713979304,0.3230260501939671,0.34853802567584036,0.27028499773640224,0.3390467067210279,0.29512267174312873,0.3312424128093346,0.30113004290930373,0.28671380701581506,0.46730291549594427,0.32058825395587637,0.3817445950959617,0.2826101120538686,0.29222782162140215,0.20642797979340052,0.36718710623391115,0.2931066726151971,0.2942497524820268,0.27670262144714913,0.4028649055493955,0.3404435629279707,0.24684088395894602,0.3954338726175902,0.31351409940241226,0.2995409750613966,0.25521864698152275,0.32299091171816424,0.26218894589260144,0.38135417811186545
0.3192034208955063,0.3911730065023941,0.29554061438409035,0.31612396217153793,0.22579999873894022,0.277812945039667,0.2938476504801764,0.42637791496184446,0.3052053064932628,0.3231432760780772,0.2924580213739681,0.2942705618747166,0.38266227447656437,0.32799430197333074,0.3261073728609405,0.3529386458761196,0.34141211547995676,0.33398537003093026,0.29335081485397624,0.35825965900361756,0.3451923530818691,0.31813604392758615,0.31399882747394514,0.3194021846199923,0.3729258731677837,0.3307534286170941,0.29683409831426405,0.32403392277853,0.27513093440605296,0.25489685276200724,0.42402148415359425,0.334555107454168,0.3346280964310568,0.34362397086025925,0.35013781981329445,0.3401439317122329,0.3849248172537043,0.3862902902505894,0.3075938314178741,0.35532683613017246,0.3259737344028864,0.2630603076809333,0.33749161423484453,0.30304929776411516,0.0,0.3685390462329931,0.27138694655087725,0.2884009275175443,0.35969224761590435,0.31074927058259616,0.3200568177002323,0.2916743541433044,0.255037575063393,0.3660913242637889,0.3409879595920357,0.2984411927571444,0.31743923196493967,0.309579313176217,0.35490802593025217,0.3571902107873098,0.3668576573137278,0.24636528659715484,0.275284879938222,0.28138774855268106,0.2548454209085544,0.30387620356405,0.38866887711769926,0.3028328781852119,0.3445103260848116,0.3857480366953701,0.3211565324511151,0.33239320582996024,0.2835527528637428,0.38925946114054544,0.3437463737837037,0.28548181918756316,0.3100153097623952,0.30977938391305304,0.37098248804236306,0.22849127063381292,0.24918848055254386,0.3173072991804175,0.3241277025075718,0.3550188824614162,0.3358093713845847,0.4816689466706571,0.32525658281347375,0.3152558306231132,0.35719425326958887,0.3454788093051393,0.2814474467850606,0.3275259771663926,0.29486997218296374,0.2837658064075368,0.3299341943786056,0.3149971523319621,0.29402091770746,0.38208844525010743,0.2399277129405062,0.42573121038088807,0.34607976921294686,0.31656745079366166,0.28826702886084254,0.3134181048224891,0.33247440951597756,0.36094589951499095,0.3386263084063194,0.3511164353876773,0.3555161772368825,0.32863731916275335,0.2996498364997544,0.3034189009738042,0.3195479594859785,0.2902878204313632,0.3621732562610839,0.34990922090531257,0.31268558202605923,0.27095818831440643,0.27224158762119655,0.2608744809782676,0.2826310819341514,0.30358610808089986,0.31455918675182115,0.33775178749086493,0.2595190988561494,0.3541965012040112,0.27796180200191645,0.38225700241791394,0.37409440517791853,0.3296761924003856,0.31117545914624267,0.28053030834439246,0.31509193917880846,0.28301605101795607,0.33275952868563896,0.23453483580629222,0.313499828329133,0.3578958820780153,0.3886790945543963,0.36592541562600045,0.2871156256006998,0.30462048005124137,0.3747529642548906,0.2950926409826058,0.3570575750080735,0.3455421704741565,0.2962247366326293,0.2950799301090102,0.38474832110260726,0.22341621439218573,0.35717664376672453,0.28420677001224137,0.30290323062046726,0.30342768269364956,0.3678847368977582,0.4315143016366358,0.2935804216148493,0.3450915374673641,0.27584241287756905,0.2856109216101698,0.2851405446368805,0.3064552424306864,0.26394941657754906,0.2771327007744263
0.3703866128098536,0.29643657834225173,0.2660361638770828,0.2927420907601329,0.22607737914120374,0.2571255936768767,0.278009229675551,0.3110828763013109,0.2586614953812665,0.28104193066601857,0.2554101631221748,0.26949461880454606,0.3802103788001649,0.26746080372686226,0.3381166877658503,0.3198553016337344,0.34823043178413443,0.42374887124524735,0.29266053568219297,0.3299148260301492,0.3136176528932722,0.2573775029371152,0.2839513101791966,0.27751541400554885,0.2987364143988086,0.2994282286192648,0.25592744549972607,0.2958088529643295,0.2342323191317353,0.2558883997579353,0.2969912479446819,0.3392812442549291,0.3189049729547717,0.2851272618569009,0.2688733162658316,0.27458485541827615,0.32259417947534763,0.321437646186524,0.2813046980552111,0.36354275654211726,0.32278720558246476,0.24709144409255737,0.35145910564239696,0.2674139134456022,0.3685390462329931,0.0,0.3206557556743147,0.24570733018433022,0.32833837583574826,0.3707297852685227,0.38557229549726435,0.3373557709420641,0.3150969702984161,0.3102370388609493,0.28385379991223997,0.26257293466209136,0.4324404102912929,0.2803155767587825,0.345205806913295,0.4220392585456596,0.3026101173841727,0.32482666068422716,0.33689627613120043,0.23686596456151746,0.33646209242657976,0.42852455001358225,0.3426535418612327,0.3063353443203742,0.3272364351669595,0.29422662081065,0.3534350700521275,0.3168818103830997,0.25132000834214885,0.40073633288447963,0.33081916633571073,0.3379656816652546,0.30384262419476393,0.28732363809448547,0.44422252180213356,0.2507684010368359,0.304297487970125,0.29941214214525336,0.30368033755513557,0.32044454574998094,0.328573383520979,0.37978093515120076,0.2600801313384751,0.3521880787189063,0.41476279297668284,0.2980024058364683,0.30349008852978376,0.27715592536136746,0.3081799361218269,0.3724889242446635,0.2991337469312057,0.26069263555946137,0.2783396769073531,0.26954460842826516,0.21806691320911747,0.41882056611345864,0.27809212548666246,0.31171194083207276,0.28253781142937173,0.26788467553459705,0.32549761938351723,0.44641413495336296,0.419813392851377,0.274028065922617,0.4856107161630597,0.28906293228850743,0.2752413072362743,0.2954275087873865,0.29275096912101084,0.27511912139386885,0.45015486536218297,0.3325895476388022,0.3656648879295141,0.26950509413569557,0.24875337098171382,0.23291018642366235,0.2907334406980938,0.2707728281354102,0.2749566700908857,0.38775187856091897,0.22319546679773394,0.3253372947816868,0.2764492681793459,0.3001175981581838,0.2880627435284123,0.36811584469218345,0.25041687865774936,0.28167053021963473,0.27245099849680043,0.23726678244306934,0.2731824861443775,0.29619788110960116,0.3312056421451651,0.3287021724103761,0.28581583002454714,0.36577328659812525,0.2762680839892546,0.2651455163389327,0.355118421523536,0.24516273043241207,0.2986775649993451,0.3020839797776508,0.26769462603701166,0.4355518002878124,0.29497659156375033,0.20669796415682723,0.2995466890402111,0.3169232502232888,0.3069752877935034,0.2910791853174134,0.3409732961998669,0.3345304901150971,0.2868578706766863,0.3086070387374125,0.2407429834171041,0.2900026263210925,0.3164526228087082,0.27402033147306065,0.28049869255754484,0.2810596654116636
0.28600373380244004,0.2830035071691741,0.2711466096521629,0.20677532838748808,0.2612909977833051,0.26665888352328154,0.25344752271517207,0.266520678726307,0.24690200843629195,0.24634390482810029,0.21359161390401676,0.26992603579657837,0.26502732987807165,0.23972116940054314,0.24934453750883814,0.2796781257127571,0.2817380226799384,0.28255102963370915,0.24142043742154592,0.26078032410447044,0.318438924369337,0.23680934725288164,0.2469167101740185,0.260014183776452,0.26434920038901116,0.27018893720744136,0.21348910722031983,0.212570233277147,0.22909527691589332,0.3041274784617157,0.26511380585528066,0.27480473820453716,0.2519424007887746,0.23059007805356804,0.25147290091844554,0.2613848304444248,0.27735954740248137,0.2994232256456586,0.22476746190130903,0.26980564811606667,0.3145978747208135,0.26763550832421923,0.31997987755766333,0.26755044430720376,0.27138694655087725,0.3206557556743147,0.0,0.2499497621804272,0.26605305943918833,0.31975037573200027,0.30626714091798385,0.34481374440753043,0.2749001020826346,0.23897113357070118,0.22915721148009097,0.31460639890193093,0.2980723250576419,0.2713472638288062,0.2608311768674196,0.2878499966419881,0.2175900850615891,0.2912190602123849,0.3273983446420703,0.24718819980576648,0.26818697238346423,0.26774975726741934,0.21577172319498344,0.33804024790351245,0.2613323030758249,0.2449691802073344,0.3115720900216308,0.269662289976858,0.22696529294647852,0.2658662647615733,0.27135524114848814,0.28345483576379793,0.22573898537073395,0.3070737945455827,0.30686978580753194,0.28150246478076324,0.3332148310197893,0.2596842990033406,0.34868649595163914,0.2833920299329139,0.2722752103571269,0.34095744264239913,0.22603502331355874,0.2812491121233676,0.32192124091368296,0.2488664987557481,0.2892663557041869,0.27674609398437877,0.2890391245459283,0.2793031262287722,0.25909625309544787,0.2602090665755167,0.2546647058491236,0.288672786475292,0.24151390844860657,0.2681717284066858,0.22059131121598574,0.2228871170508387,0.24966950880858035,0.27189140260401345,0.29328246371424965,0.35768699756091704,0.295544006073031,0.2555508286333633,0.36745274599361416,0.2795506484109604,0.2471525506247985,0.27835012309159335,0.2448777293620737,0.2329186560739291,0.30293681254883154,0.292416517280085,0.3096126347687298,0.23063387956478767,0.24300976753703182,0.2343086624972983,0.28319511153909505,0.2595272567340316,0.26777750095763975,0.3170817418899652,0.2344631979621776,0.25911861876212094,0.2560388900562293,0.27424415930918544,0.25153925406294464,0.29861947738693295,0.2869346848419589,0.2784251970613283,0.20345298035851495,0.23167448988165212,0.21601479192712736,0.28487805919192355,0.3572000777313009,0.2782484077890095,0.21795897496042982,0.2918764384464777,0.2278868686372018,0.25377122623071946,0.2858396378827394,0.25024570113323313,0.27988048167983304,0.2916614052457043,0.33087835246472663,0.3076204465793606,0.2947848446023595,0.21067527777197567,0.23065561418962113,0.3006678732199612,0.22689716754599001,0.30463438354870037,0.2842730828856721,0.2506798361942164,0.2122632154657274,0.30564919840457333,0.19951854044466577,0.25421428342929964,0.2884759643276658,0.2754189922316879,0.26189209816438275,0.2395487596941867
0.2951601922735609,0.2758563445950198,0.29303907696933323,0.25999696560780117,0.28919443273154855,0.28275156294559434,0.2722779007823255,0.26519196420645824,0.23297940144128965,0.2588169790630999,0.38967011529342227,0.3127037161516395,0.29249906198917885,0.22940002126140552,0.26936353634290916,0.3485704016046094,0.2778038466472895,0.2470755565666749,0.25728740933152117,0.26776378588718214,0.34229023944485265,0.30615990450632935,0.22623460049314242,0.31800539069100675,0.31897966992048715,0.3216251378591228,0.202247402548101,0.22258234841283606,0.2696708041423361,0.24155088493715418,0.3078528339065486,0.2743811769511859,0.24773117777692644,0.23718969301607648,0.30156439651319994,0.32025319577784045,0.39764005230701077,0.29418579344397655,0.35051974309569695,0.26862521775471654,0.28117515202102744,0.24244256027136563,0.3309404717323864,0.4342458537762651,0.2884009275175443,0.24570733018433022,0.2499497621804272,0.0,0.303370423581219,0.28205361224567777,0.3269696253419801,0.2745588382800872,0.20549730037143626,0.3533865244956034,0.3642633088547699,0.24302353735312124,0.27633625031677844,0.32654297136039595,0.2606299709383692,0.2376443601481528,0.2857322566274374,0.21078686923529286,0.2773732153795814,0.2472948970991164,0.23239621924104645,0.2484957236592751,0.2820550455408126,0.31337413340528647,0.2520773048527826,0.2831981370761187,0.31711938476699564,0.2602499697886253,0.25536033235660677,0.30325302178361424,0.2530873183540779,0.22217378055173304,0.3008747059455006,0.31140537803452706,0.25996102295475026,0.27734378513543356,0.27258341336270564,0.2680889736107253,0.3106188108865656,0.26631085599977605,0.26386090814630864,0.2660867502271353,0.30620681491446017,0.26078030166450517,0.23216825198869886,0.24792536281541366,0.3277702212186997,0.24543451232879573,0.31352596375705066,0.24345209915816607,0.2634576388961007,0.33999829853105556,0.2158422590495738,0.24407890028653736,0.2182628016651567,0.24484105365314895,0.2932275107155496,0.27831491947508735,0.25988201286807006,0.25317434547467016,0.24950979630655568,0.2682273061248797,0.2715273079581763,0.27950934191311455,0.26025598133837036,0.3958645096100957,0.3272291350221321,0.27266181026329045,0.305691150376283,0.2403565669189575,0.25375589503473533,0.24589291220537773,0.23165974488279067,0.2998661950798187,0.3253206923022136,0.21924524138251536,0.32380493096271784,0.24797444075309202,0.2800930262086985,0.32043361468091935,0.26142900920100914,0.3235997273215061,0.2145124292571027,0.30063347445298627,0.2996921041800109,0.2671663069797526,0.20852060283316834,0.27614991892366475,0.26953688556429495,0.2627601806641496,0.41470856302739284,0.25751559451696787,0.295907087098827,0.29623411781927667,0.2758571573531975,0.3084212705718791,0.2533901724207523,0.287586520822683,0.25431062869810017,0.24712747862289133,0.38107075940228624,0.27317514767574386,0.3109832279659827,0.25221143924659367,0.2874532585164214,0.1995051803602641,0.3468554516601119,0.2475674153908656,0.28313492150820196,0.2616529523972599,0.32254843948223133,0.3215414705810823,0.25561748056796496,0.35090431699104724,0.25583319945764005,0.25688408386233785,0.22329349169931062,0.27455232125014567,0.22887981761135154,0.34490015576896693
0.3639665096154476,0.3354882668255152,0.2755173399764893,0.31830787168352487,0.28984737716383036,0.24021965805488896,0.416866445243318,0.3113324529702725,0.27835261677524886,0.3434670030454874,0.3479146768417841,0.3149857572987246,0.3298962891307567,0.2997073020957492,0.3053749901742272,0.3319416269591361,0.3547351960963395,0.38517591595040074,0.3841952348753699,0.3273593780902036,0.3829407099975146,0.3095797395517634,0.42601936978933114,0.3567650788055552,0.40929372589166074,0.2874170990584219,0.29008679956113986,0.36127934840355397,0.28884945992163163,0.30307242789077377,0.3254793211491539,0.3479578037254635,0.2894815837333788,0.34557189938821486,0.35467689160984994,0.3300548717261797,0.40524505824167567,0.3688198338644186,0.3101799384411233,0.4121670252347755,0.31760790696964697,0.3008289438758622,0.3275188819284077,0.3237683785383361,0.35969224761590435,0.32833837583574826,0.26605305943918833,0.303370423581219,0.0,0.3160340292590852,0.34836550098872165,0.2848118829607908,0.2544987238530965,0.33777130459130356,0.38703115374789043,0.29449474749723564,0.3826544441573102,0.29276827269282124,0.39035573320784095,0.34654912770751506,0.28774919160209866,0.22919165344588177,0.2688054670518518,0.2892146822396443,0.26613474312693974,0.27050078381401366,0.3079024322340343,0.28618230409133943,0.32055616789185865,0.3474010969212555,0.31143335222836227,0.33606040053216657,0.27797013541722426,0.41547401754770147,0.2949659328531526,0.30508222000544444,0.36431011009735437,0.3391669418384844,0.29720498411100255,0.23933699242229994,0.2700822458217615,0.32106099533649923,0.34202068008997183,0.29992000944595953,0.34470963915253255,0.3865314843788434,0.30690237031545325,0.32772117575729903,0.32246127525078194,0.2796326469850111,0.33799263122179496,0.30654356447389997,0.35598766641280166,0.31312308817887846,0.34991424141061256,0.3077326614852264,0.22680267775302668,0.30595609883167396,0.25876944508881733,0.3280172482099851,0.339163623014841,0.3167406834181574,0.2904433851517433,0.2890896541003531,0.289608868916619,0.2913174106247722,0.2890905146940896,0.362168065116346,0.33704341652345704,0.3460842931169052,0.3769135564345163,0.3383673281176017,0.2884169302132237,0.28656773791181983,0.31265846609592934,0.31099667348408133,0.3140909684835359,0.40747579202514317,0.2986671244591059,0.26890949065478176,0.33340842440523744,0.265033877417426,0.31396169132049584,0.36919750297116033,0.2721728213701391,0.31930656851521544,0.26155362177924457,0.2893982723379266,0.32838013968541685,0.3232480408998327,0.28165385879314897,0.2726009472711513,0.30133875288100126,0.28818508990817704,0.31942337953449534,0.255753910034457,0.3031640064558135,0.37293669221220904,0.37813009825018395,0.41603093461672647,0.2591447635200314,0.3244075297314693,0.3690105304078635,0.28535692584415256,0.3779884772438584,0.34972260999052474,0.3089130853721224,0.29857601138470735,0.36017540107831536,0.22335380363962898,0.35490705821313867,0.31074113736943343,0.40413683349410534,0.28421795649015463,0.3821177076978784,0.35512948578984854,0.3321035582630135,0.3311970506197426,0.30054796028268566,0.36189012466208864,0.2876717144207068,0.32377049180651435,0.28173241467328236,0.3663969824528083
0.39409745622250775,0.31449564992038836,0.26770200248433895,0.2802583893258098,0.2696068501019174,0.29511696148689043,0.2527057822608423,0.3213946691029885,0.3074717758949944,0.2562644523407351,0.26393095974491265,0.27421457199385324,0.3425278669323249,0.31426823918518165,0.31294338707575015,0.31241299921418864,0.3549855209909431,0.3553815966889613,0.31587081440766596,0.41526613397957224,0.3626519595125054,0.2961564245902501,0.2564966489953378,0.2513088807338257,0.2812015699521816,0.2586585892155093,0.24840081991289076,0.2718323949134184,0.2492934385880499,0.2748361834969189,0.3197975129499012,0.36790466859815446,0.33064708218892924,0.2564278753595998,0.35062991816475614,0.3910618012405713,0.2914667094429624,0.46356151362435694,0.310891625647937,0.30652997735930837,0.41233518924288204,0.27155241148285614,0.3988059100569311,0.32916728181593213,0.31074927058259616,0.3707297852685227,0.31975037573200027,0.28205361224567777,0.3160340292590852,0.0,0.4205440908325284,0.35109220424989124,0.36623922277228294,0.3231085604359967,0.3125771531606342,0.27031192342292504,0.5087741235433939,0.2981803521949089,0.37052687502124304,0.46486495445433307,0.29478344057275524,0.35973295073629535,0.36746515682252784,0.3300058622295556,0.3861982723396709,0.35569258334710246,0.27404021236107406,0.29692474865757323,0.35299189084725147,0.3007526614404938,0.3843655153799302,0.4070594534372892,0.3074534039519039,0.37296523107705704,0.4040536974377122,0.27801914907303427,0.2830224776786997,0.2561064989141536,0.3594580653236991,0.24646661612303505,0.29233696209883553,0.34925504465410834,0.2956414088377688,0.3428261491648175,0.36911583103313184,0.3938466131580305,0.26961066517036053,0.4244065774509192,0.329393177486238,0.2690404743736839,0.36740994905123137,0.3077587312435433,0.44004747738646416,0.3586918377107905,0.35915796660442023,0.26810681340142556,0.32050413092542224,0.2633584833932015,0.2930830263301243,0.3261871610249951,0.30315028175212955,0.29769683758251353,0.30218752945456695,0.26591516164742285,0.46455012909782106,0.3796101519247791,0.4613002465572085,0.2673931361710224,0.37340884366463106,0.2583862108691811,0.2851804063195304,0.39529663798486653,0.3270003250666654,0.3239218436902684,0.36357245630654267,0.3022338471988585,0.3019099052434629,0.3279781466859119,0.28487719777642945,0.2599776389273512,0.3941075032094101,0.30701683198882074,0.30314430340942905,0.31516346129577943,0.300168170092532,0.2799565145640537,0.36364650233416357,0.2676244551304807,0.30643393291869786,0.42341896085551345,0.28512961109884005,0.34738891182389053,0.2764202495329453,0.32658008913321696,0.3322500263651464,0.334724210150794,0.30423954602792364,0.35870655274712393,0.2834977692676888,0.4030576322940667,0.2605412757625961,0.34687721993134013,0.358859559231787,0.35449675801292213,0.35379626530431085,0.3070897434021794,0.34245531207627744,0.2915465649321401,0.3092687440484172,0.2428521562266304,0.32097958536827137,0.3160181018332752,0.379627074676506,0.2745152727537946,0.3166507553141817,0.31244366811928764,0.27385545863687527,0.26783772784552284,0.25759786318735417,0.31911850942540915,0.26377089093543155,0.32559491753007525,0.2834535069703247,0.31315077419820087
0.3763205913192945,0.331636490823608,0.29632550187972034,0.36005933281290564,0.2820887672836278,0.3146647636356667,0.33994706864015206,0.3271092505018113,0.2830568925347678,0.2997094394544293,0.337130382054688,0.34923177630915153,0.33584824868981894,0.29356362989125834,0.3662663603992668,0.33171583401119015,0.39274745328297683,0.3372820879185873,0.358989334776976,0.3168431313523212,0.42159478508684795,0.30779328425903163,0.2777142061507615,0.29527519114230866,0.32744037131517134,0.3040501458569941,0.24345725916650715,0.2944481651236689,0.28769689953306304,0.30730610750676135,0.3486364660254577,0.3678235926298883,0.35417520925786317,0.2836456706337955,0.30765395559266584,0.3437673303903154,0.3985278749839347,0.3710400870328743,0.368453977713313,0.38733176957942617,0.38691777959263296,0.29587332022652435,0.42087390722803447,0.3684242261674008,0.3200568177002323,0.38557229549726435,0.30626714091798385,0.3269696253419801,0.34836550098872165,0.4205440908325284,0.0,0.3773460504390902,0.31954866023924733,0.426703072331134,0.37798698224729843,0.2879399298489122,0.48560795611494045,0.3353563091891526,0.3794764555047881,0.4048785552240837,0.3376418396558944,0.3176578637249847,0.39338692761445354,0.2509634074570517,0.3369191429978272,0.3453747453560609,0.30912518666975325,0.36590748510789517,0.3194494675520001,0.33968044429843847,0.4546272966057002,0.32890380788749773,0.28821819512431984,0.477475012759427,0.3430728315696365,0.2950801022334946,0.3733668339777242,0.3295315530379341,0.3581430030052075,0.30126105204433207,0.348259086478922,0.392276228372348,0.3783820594847516,0.2935355132865592,0.35256868984342754,0.35488207985468767,0.2986757199559864,0.4550724597912703,0.3473665615970561,0.27406907571620415,0.4239174221212373,0.3169248874836146,0.45260539326162547,0.35196078686986965,0.3723346989029383,0.29712466909146173,0.2847071185883468,0.2626957548184852,0.255782262065634,0.3614215696583897,0.3002459681409328,0.34819812925839366,0.3187901803341723,0.2816457318767679,0.3856169537818686,0.37227430034734627,0.4001156158152782,0.2754638869008382,0.37455775582675294,0.3135922564046231,0.38919333008466434,0.3328996580192843,0.36326328538168107,0.3061897832288361,0.3579501460115617,0.33591716283400674,0.3234537500592034,0.3024773349210036,0.30771687926562896,0.2648393401493524,0.3389300313891553,0.33543010217589936,0.28780871880250986,0.5083519435560067,0.2631229837852286,0.38293001692143264,0.3162720588066138,0.3123524968622382,0.3058731565696815,0.3499445491331546,0.26322470591556757,0.3639830755276725,0.29180674839487186,0.30357117120817056,0.3039076138865903,0.3071536002172578,0.30473037385233126,0.34520769821719993,0.2680579315397113,0.4543761125530721,0.28168264721181185,0.3093584437933894,0.4277910758936665,0.31246638270797916,0.3636883026472144,0.3148131735875797,0.3685974580750062,0.35077588391389775,0.3021215695378783,0.20756401481712713,0.3767053088802588,0.35463963447247115,0.34106499049434424,0.29245076868297365,0.3499099220956788,0.34905775193318117,0.3007905076053367,0.353744027218772,0.28541363742407017,0.38003078377516925,0.2810092668953699,0.34287375227372036,0.2944174198281038,0.37028717138049533
0.3417208636258663,0.29911932001812924,0.30102083129436785,0.2852577113218648,0.2421672034350536,0.3422193832572938,0.2596067703935816,0.2905468997395159,0.25815470960712755,0.25852124760710593,0.26062604839443965,0.290925859948871,0.303509483197771,0.2613821749226693,0.26718093445027646,0.3250771389672045,0.38568189286300825,0.3055713489471745,0.3112565268948097,0.31043060396193467,0.42560956129256916,0.26788474841332205,0.23886716697218657,0.27669468309707146,0.29692032267938917,0.3649356566845188,0.2024524190779445,0.27786499264658476,0.24957394211481304,0.24802158465056764,0.2656227481736786,0.3140229434732413,0.3042519618443052,0.27480388217654794,0.30009038150339307,0.28684655254096114,0.28317563200268814,0.32109735699912517,0.2525813855174211,0.3229789280471279,0.38032493869587547,0.27471620096409494,0.3343398641201845,0.3555821135021893,0.2916743541433044,0.3373557709420641,0.34481374440753043,0.2745588382800872,0.2848118829607908,0.35109220424989124,0.3773460504390902,0.0,0.2753401649295912,0.3254469230279337,0.2614568300707865,0.29658535039178247,0.39556776539643457,0.31561603334884214,0.28702022728838217,0.32018903900584594,0.27976131377619173,0.29611302357867003,0.41718616008085047,0.24171888295332014,0.2951189204837234,0.3274394539684617,0.2643117314460992,0.33192826347678517,0.28402982427566187,0.28340747029174373,0.3946438885748955,0.29148825743386375,0.30130426846750274,0.34688858316728294,0.34296727798292914,0.2728500445057151,0.27384373863344863,0.2850464324834905,0.3623266289346337,0.2797604799060735,0.34310769466105795,0.3202461075520325,0.3315709070702419,0.3226308548580795,0.351027220212556,0.37517447112000624,0.25809042432861273,0.2914843048700934,0.30232197427082297,0.26001131823876816,0.3610449786200609,0.2810726249843819,0.3015986359228866,0.3256561877305384,0.3257605112475427,0.2775456992036939,0.2629093511787991,0.32907006900598235,0.23653641419696061,0.34079022613399135,0.2315639751939043,0.24228805853268356,0.29180149281165463,0.28513193193315944,0.3294430375177923,0.4154915581464452,0.3404365572477774,0.28213387686998237,0.33175789278074835,0.2877804182930325,0.3368943524791767,0.3142766540875608,0.33766791036962734,0.24900117750387515,0.36403296751074316,0.3718924527150027,0.3472363625538204,0.23824852286079237,0.3713054518429323,0.2883156161676399,0.3263433272510416,0.3088517304130402,0.3291688395188868,0.3794190259747907,0.2539540680425109,0.3067501442666587,0.305803662426529,0.24814568759405328,0.3486512102784795,0.3102490185828709,0.26358142999469364,0.3597774999133643,0.2421965918386283,0.30621629378665227,0.258193192678509,0.28018099944344516,0.3111150017082178,0.3091382266598475,0.24294110310127232,0.275884675321616,0.25134396732486336,0.2770997172583739,0.3379698776775403,0.2608375791749083,0.31057347534662444,0.3286954594064403,0.3261803546706391,0.2865244198665668,0.31107069516592556,0.21449833173383137,0.2918917304540032,0.2903654879574823,0.25681816627705295,0.2683927212684267,0.3534884590078113,0.26168544802000454,0.23797788624817287,0.33428168453962254,0.25048378344384437,0.31356495280117186,0.2767037016519303,0.3149254051115416,0.26105271761078064,0.313696724802355
0.28796762683678123,0.29525408352734184,0.20932860898695954,0.25702855558080334,0.215589676444168,0.23269577997445026,0.23124705444172683,0.25917161352997636,0.2637402748997186,0.24436780890428275,0.21073505000110082,0.21026493283585132,0.2553797758417997,0.3036398567310616,0.2412519973090416,0.23380414607272346,0.27553175149165554,0.3310656276824104,0.25545273465629975,0.2923756503457176,0.2651636435138639,0.2349363627930581,0.23255590667154685,0.2048331293892469,0.23423054374833882,0.20511303282387464,0.21310205717420982,0.23579119608456095,0.23045075900853992,0.21612178759983844,0.25266312069296337,0.2661495334514123,0.26659660128224355,0.2176987824111507,0.27905826936286654,0.2810628184509946,0.2301773698917341,0.3210320078302402,0.24275782531607942,0.2587339661223562,0.2838073411663575,0.2318771945822092,0.2618454390795322,0.23535151588659006,0.255037575063393,0.3150969702984161,0.2749001020826346,0.20549730037143626,0.2544987238530965,0.36623922277228294,0.31954866023924733,0.2753401649295912,0.0,0.27190242202460724,0.24628098172568544,0.2515728672367738,0.3472454425676329,0.2255290857781369,0.34809705132612234,0.34390349938350756,0.27755097396133066,0.30501910510822267,0.30194650691864433,0.26312801732185814,0.3762195439621643,0.34524241563992664,0.26080632037641055,0.24930961405474086,0.27158906745211997,0.25711188414032693,0.2840492220195134,0.3356557396281537,0.2685827726720356,0.27949588900778866,0.3147548114713667,0.3319979417358059,0.23103219698709357,0.22846513150554193,0.2998008479488376,0.23392204650125403,0.27511247834344005,0.2996914089051,0.26228229697385536,0.2773378090964872,0.30860269557725706,0.28817081692859714,0.23034733662627677,0.3552378235867626,0.30079614071362015,0.24557363069356788,0.27658094693102425,0.2822386407532228,0.3086967716049506,0.37035129493825886,0.3775607540150032,0.2188478379674587,0.31462973998361543,0.22675606749298705,0.2724836030669228,0.2832970327944261,0.2672573037605641,0.2319859806802638,0.24764384316530488,0.223504481231539,0.3550730610095093,0.26612481763751494,0.31080336303749057,0.23765035763836495,0.3179417697208641,0.21998741536748315,0.2285861161258649,0.30171330314966965,0.2817249307382048,0.276156230106782,0.33556857263809464,0.24928107972786942,0.3197778711166466,0.2211146451509276,0.2319647923704656,0.2448916865814097,0.2788058500522142,0.27000583834907427,0.2585259323089755,0.2673144509916337,0.2837675222754426,0.22651845912758675,0.31889722934802683,0.21585157867018331,0.24493158591556224,0.2939239112195719,0.2512875480466751,0.2516125116665209,0.25161932448320284,0.2887470245989919,0.24362242350132038,0.3186103586249284,0.24667263631141842,0.2581538528031846,0.2329822023186306,0.2879954467627543,0.265843741468699,0.2680672337516021,0.3893615126837231,0.31728685790014505,0.2618586037089585,0.2446867141844867,0.24480972438386042,0.30153869304472913,0.2521192063245305,0.20666705270142727,0.24910585117545478,0.40052990303395614,0.2728859826495132,0.22174579698935967,0.23202969983138516,0.26766682733805663,0.21645964129137846,0.21768190534088427,0.25046573651931175,0.269017812589119,0.30628881504704253,0.3115740855390632,0.2777638365976603,0.24724655786762856
0.2894720940866692,0.4001764975867037,0.32044080560471416,0.3804791275474035,0.2516395700156393,0.3288825660277517,0.34452232847011655,0.3162642158509447,0.2677726861261671,0.3186552602709206,0.36396007476898634,0.3535310900785653,0.3167842543235842,0.2937213379656025,0.3627937342325851,0.3224149118732885,0.3273814919907291,0.2944305596129814,0.3569330233757817,0.2770727322820781,0.3907685077536111,0.38072866714064607,0.251924188707121,0.3028064159892945,0.338049345256288,0.29624259455987406,0.2287760331472617,0.2720345720088778,0.3480286510297296,0.2452703252364282,0.34598048200920434,0.32682267939741955,0.38940389297987277,0.26116341149057326,0.3055443998929972,0.36025915697162997,0.35690300694750227,0.3437155234788429,0.38208528466576763,0.34844926512790597,0.4099894424399464,0.2712056376361422,0.31717980124494244,0.3914753761242453,0.3660913242637889,0.3102370388609493,0.23897113357070118,0.3533865244956034,0.33777130459130356,0.3231085604359967,0.426703072331134,0.3254469230279337,0.27190242202460724,0.0,0.4407045487902944,0.269452163229953,0.3447706379485125,0.3274520552794404,0.34797755863462626,0.31621157933751065,0.36410508526193525,0.25394758069510576,0.3025910188631742,0.24417714283870873,0.2796399625884591,0.28331251379747574,0.3271180656724319,0.3002515617845496,0.2928706234007592,0.3133324587090511,0.34562396917441357,0.2921789482076018,0.2626291845082895,0.43352813412391117,0.3152516507275835,0.23918782455989043,0.34423345164840735,0.3243074678945905,0.29317588697881936,0.23873089521664662,0.28799613952615316,0.34576543812005744,0.33200211179625766,0.27914202264154153,0.3005011228157984,0.33233233082847874,0.2775664316110586,0.3125460527918615,0.2634277401387028,0.2777574196332937,0.3420169959933053,0.30786391035402383,0.36493764865211903,0.28519082737117096,0.33530868460275876,0.3972260445782871,0.2875803680801598,0.28026211360825964,0.23093720568229117,0.3234293324106283,0.31838420131020406,0.3146750455056211,0.28798484681607583,0.2934410769653585,0.2934865407341474,0.29170027906401297,0.3387637533572131,0.2795704025973312,0.32623057469329914,0.3281541428247868,0.38463498370814186,0.28246367805199174,0.3302201641556352,0.27377628669920606,0.3203137542678363,0.2994404632313284,0.2624270258150422,0.2956620916124264,0.3522291781052089,0.2531515493535569,0.3027338024775604,0.3067140101064736,0.2624489250343839,0.36564667667109507,0.24984912742695986,0.4253626189698475,0.278480995836661,0.32142366519197846,0.37857166965457306,0.330187407104567,0.24402607069166746,0.31609170698993094,0.26830321247531846,0.2959562051745256,0.3538142683303527,0.26767291594983317,0.2653031744327433,0.3463578947056526,0.31275792522463175,0.3545696628937399,0.326547798594137,0.3277494867657419,0.356809772711957,0.30056666247323666,0.382270112711984,0.2938321268173707,0.3307573087544418,0.3181781646248149,0.3080749482978522,0.20942940172065758,0.3190155421574643,0.3244081756552753,0.33208369979609076,0.3100194236961808,0.3823864866696476,0.3404413781969725,0.28161431694111905,0.36055194543040486,0.30542524413874544,0.3122897556137395,0.27889717808281617,0.29481609424271443,0.25618509035148535,0.3096191618706912
0.28175935414399755,0.34065437976290097,0.28032231586402084,0.32342454685730465,0.2490880434341973,0.2719779709078739,0.34034867079506576,0.3001712882545175,0.24945603025273475,0.31328606792206815,0.3745692130352857,0.3755672058454851,0.30112703375856303,0.2711588746659283,0.30862714936889324,0.31979142554002626,0.29341517892104846,0.27490899725296625,0.3160322969745872,0.25936855536955544,0.31603837483571284,0.3039916002042842,0.270962928356342,0.27218345730518106,0.3301236364569152,0.2839600059316428,0.254241082291717,0.26332599292466424,0.3403437601476989,0.24890284411524877,0.35680222426995944,0.3613334056394914,0.31514742450878963,0.28990496997224435,0.3051059523251812,0.40631286361185953,0.36291144718252005,0.3445272293834587,0.40606408188053367,0.3049378791848282,0.329433020004468,0.24751605567306892,0.300818871115935,0.3457245960871486,0.3409879595920357,0.28385379991223997,0.22915721148009097,0.3642633088547699,0.38703115374789043,0.3125771531606342,0.37798698224729843,0.2614568300707865,0.24628098172568544,0.4407045487902944,0.0,0.26116102914724293,0.32174861458638604,0.3132635799848213,0.3190585175043352,0.3152681240724925,0.3101073162828238,0.2559183328862837,0.27542761881256733,0.2765392865131212,0.25005329584936486,0.2504430384723497,0.2909038147824694,0.26017106487216013,0.2766819319011171,0.29337282981561075,0.3013511651511225,0.3081053417944508,0.26445307958768255,0.3585420795862099,0.28334592058039093,0.25085582310378013,0.3617691607656598,0.31866446504593493,0.2819183724861558,0.23955143807755885,0.25009874264466564,0.29575858205730876,0.28244701592695154,0.28307753840433625,0.307899087739507,0.3090944704040559,0.2784124185215706,0.3204460428126233,0.2884039746578999,0.2730868938001726,0.3241015054043145,0.3007522237721556,0.4212863221822898,0.2811395347446419,0.3144678938508384,0.363589834220239,0.2605960736880486,0.2707861169151296,0.2543868393917733,0.29892004385904997,0.3476451260291515,0.3340772136267225,0.27539732586672927,0.27343963603045407,0.30467629443592437,0.2726142969032698,0.30197791565622006,0.2715173960165457,0.2839965164306033,0.2915484235346766,0.3467774549535182,0.3136333831304426,0.2940283016395404,0.2739667061956148,0.31659620097840335,0.2623680700537082,0.26031972266828657,0.3520902326749601,0.3023697435673297,0.257817837216711,0.32130968455097814,0.29667947482590445,0.2630993194449105,0.3337384606578029,0.25453880751194613,0.4087395467108696,0.25933760259309396,0.33546335000701166,0.37984398771742484,0.30253884774765677,0.2392737989676484,0.2675197938850129,0.3141673653895148,0.29092896890810516,0.32726153496745275,0.24714754801899316,0.261107346942573,0.3311386696130771,0.3021522434890059,0.3572557893918626,0.27069582631998257,0.33421983264252747,0.30596467984025905,0.3033331106287577,0.3676509144996135,0.29633520338913377,0.3007373601450479,0.2705938427115534,0.3000486914061697,0.2275994609472868,0.3371602794522707,0.3024350417939209,0.3297701717278941,0.2698149367453825,0.34677791625008675,0.315394848523406,0.2603208101584755,0.3037079169286751,0.28632484108675926,0.3467796179645359,0.2446353943070935,0.2883146594670213,0.24395286543936548,0.29889089487531123
0.31896907933969476,0.3469347778404772,0.2602594350822214,0.2620252693202906,0.22705043225014648,0.3276496901892483,0.27252022648109553,0.31483698367787355,0.35739444275229787,0.3065481656395102,0.23366090318618185,0.2609981964218469,0.2984452851920987,0.2990502964090839,0.24300628807117078,0.27498509841027735,0.2766068336453949,0.258103485740427,0.2472239235130151,0.2755222230339324,0.30917475115330606,0.26742032376714253,0.25714152230357584,0.25291337213834003,0.3422167661109613,0.2663699324794186,0.2314363442793918,0.2494980861648943,0.2587878238132194,0.27534313154165163,0.31653344539626677,0.315358304714837,0.2577717036438058,0.27627810925721447,0.30901288261203547,0.28121053272673385,0.3215534480388788,0.3223370774042618,0.23640882052745876,0.2915806521787105,0.26657538231372296,0.3933167407283889,0.24643516618157843,0.2877115610372882,0.2984411927571444,0.26257293466209136,0.31460639890193093,0.24302353735312124,0.29449474749723564,0.27031192342292504,0.2879399298489122,0.29658535039178247,0.2515728672367738,0.269452163229953,0.26116102914724293,0.0,0.2776004526440656,0.2733627176545656,0.26605913527719893,0.26374428199679373,0.2857412896809842,0.29918480879654746,0.261711852540083,0.2548640662723073,0.26266931803597954,0.26403043601953546,0.31557158248553197,0.31992649291193315,0.24130281989651023,0.30459519115553657,0.3296914594834074,0.28054998309858975,0.3383218404367024,0.294998861682217,0.28978885899050416,0.2874867088610005,0.2597678229190636,0.28097918433689106,0.27057354092705316,0.30468292502472016,0.3563550735680373,0.3423927917765881,0.33736253136449024,0.31140377566084365,0.3450285237057375,0.3676362586904438,0.3320619108344609,0.2811849334980797,0.30189679022325433,0.4083499077387945,0.2816326570305409,0.3550511981924597,0.2521908415249498,0.27286273731406807,0.3428807429478057,0.3347070797154404,0.25587234631468203,0.38614409889323065,0.2968570585861847,0.31194067594676583,0.2852006024195048,0.26772114342271724,0.2738048755066717,0.2584170963134182,0.3005373178268258,0.303766026034378,0.2665910037774089,0.34468038501162274,0.267560455967055,0.29737144629030143,0.2635303882346668,0.3091150506416365,0.404481590262398,0.2964487206871336,0.2717612158949704,0.31322656535219706,0.31493438124796735,0.23461062158864573,0.29593120584312915,0.3271179677144553,0.2717767748451719,0.3402948721556669,0.3818143736485217,0.30616486401207216,0.3552633720266447,0.2563781110610816,0.3546488214017218,0.2577797737134037,0.30970606833742476,0.27518758996632875,0.4276105327757996,0.3089586535487841,0.28488402101097343,0.33145950183503536,0.25977300249855845,0.2720576070481461,0.28179938190823484,0.2924863954933549,0.23641141697632714,0.30155927229396784,0.23248659707109356,0.3415846892494729,0.3553277524292134,0.29653680872132804,0.32296558064915637,0.34115735776379175,0.34773142716171634,0.2621712225533118,0.32793962479692407,0.24512593937201127,0.2963821863727579,0.2810687810135,0.23507796462512318,0.30398921635317316,0.3206784639698803,0.3352110010498329,0.2430426491609238,0.33803903943899416,0.2669444447304644,0.33155056937068544,0.2839731942043682,0.37137215293395986,0.35311325888336664,0.28665599413924114
0.4793295704899218,0.3168030995387554,0.26706332544490924,0.3087377935093517,0.2405687415430074,0.28936391084076735,0.27707459114492333,0.31274278848359915,0.30188911732498147,0.28066848309258463,0.29716559607936316,0.31014622510613005,0.36234206439605915,0.2999743831474746,0.3076179670320065,0.33603432611289674,0.40415782228185726,0.42999557401946364,0.39735590235230467,0.4210608085068721,0.40925623497658675,0.2824347781944671,0.2745890668511458,0.2841223916444208,0.3423896600888693,0.27309279149019017,0.2417381131688579,0.31544388550738145,0.2600202725801027,0.2899969519837487,0.311241993342467,0.41527516880682086,0.30496425748570305,0.2888176488226396,0.3228995735637893,0.3059707641742099,0.33067780754236337,0.4026284353556658,0.3126660942222484,0.3815167848046358,0.34270797565312267,0.2817655167086479,0.40447338491394474,0.31074389591100654,0.31743923196493967,0.4324404102912929,0.2980723250576419,0.27633625031677844,0.3826544441573102,0.5087741235433939,0.48560795611494045,0.39556776539643457,0.3472454425676329,0.3447706379485125,0.32174861458638604,0.2776004526440656,0.0,0.28948703869921544,0.4150915245910798,0.47172978720068437,0.3184235163201528,0.3196496152637087,0.3845226225685512,0.2725848549700649,0.3825840983306455,0.4125689487305793,0.3001157954899859,0.30933569191896854,0.3434734561808888,0.30980233949152497,0.40475562712764623,0.3711229878495073,0.313396372348566,0.4350793316131952,0.38984249853303365,0.3346367883061641,0.3228139650153281,0.26523276752150676,0.3760350342003426,0.28365201453773325,0.30710110247021816,0.3550693373082878,0.32329220653612306,0.31866121176987683,0.3989870081106383,0.3848463466190676,0.2835271567001622,0.45709656239617985,0.3671846046451327,0.2715127826868478,0.36128643590247705,0.28295047573156734,0.38384702590886366,0.4545699570543822,0.3831213120011597,0.26142232096337364,0.30082229852406633,0.2658865574082308,0.26533270930812064,0.37301031050402855,0.29466859678866897,0.33213074799255904,0.30127106831358225,0.26488084823159863,0.4215708882967809,0.3724661378460767,0.44891644330752034,0.28254430480164716,0.3614784334919184,0.29115534933301057,0.3513217880439343,0.37481402549241555,0.3443937664004181,0.3101109577653654,0.38240513001617404,0.33506775995072613,0.3629230235239094,0.35305850389669086,0.2949520589090459,0.26200832075949626,0.3466811042683826,0.2852375636271891,0.32749939053941013,0.39212951125204687,0.28423667869813446,0.30361491195696144,0.3374812811621728,0.2660891081447025,0.3012721235261596,0.3744410443389671,0.27616268361304547,0.3503583669421371,0.3032354874993349,0.31995238991841024,0.31241306986431017,0.3082066607323533,0.32488458274720483,0.3391251883256324,0.29783613706560713,0.40856498819422427,0.25673626662825644,0.33221714572226496,0.4013533694845287,0.30750889077601345,0.350707256918038,0.33671226157238343,0.3130363020575186,0.30712634469880046,0.3360200127204671,0.22548986918124672,0.38105987543141034,0.3517873499738215,0.3842733709325597,0.25772814708061015,0.34362216335979234,0.32810208466912516,0.3055758401516508,0.2883783068561048,0.27381200392200045,0.38184540095182506,0.2707987079627581,0.363289670988315,0.2908033934033166,0.34542213855783116
0.29592966239258983,0.2789516404485915,0.32323575037189306,0.3029172560736389,0.3156965338910744,0.34940163360622867,0.2934663496863397,0.33944015948319756,0.28153640320670625,0.2687744379763431,0.3695762639823114,0.3868930647807565,0.31319045230200254,0.23636558619650097,0.2674613059274133,0.4090373731437774,0.35191504943371665,0.2694425065100049,0.31264942836147447,0.269099735458913,0.3879303600145108,0.3066770314880547,0.2741087966215105,0.25879788899245226,0.34105412987760586,0.3030532887996637,0.2728838073391932,0.2584953948714798,0.2570896529285135,0.3392942699651674,0.3121374984931394,0.34649439242530594,0.2713774715760006,0.2802614585894697,0.2769660658628949,0.3189546710851383,0.33525901040054285,0.3153834150769999,0.3200095423362842,0.28724118424849876,0.2912626138319319,0.3462544053167773,0.3224916898228516,0.3465523201386053,0.309579313176217,0.2803155767587825,0.2713472638288062,0.32654297136039595,0.29276827269282124,0.2981803521949089,0.3353563091891526,0.31561603334884214,0.2255290857781369,0.3274520552794404,0.3132635799848213,0.2733627176545656,0.28948703869921544,0.0,0.2545941911806465,0.26825021994009646,0.2710939015973181,0.24759916146816857,0.3351261049295865,0.26147590050694314,0.22621674941604916,0.2480254295262957,0.27610568901461274,0.2700738277198594,0.2854556196389876,0.35627620682917127,0.2874757229561091,0.23229999087289083,0.3118863063429005,0.34117288586481065,0.3310186810877741,0.21968341580068607,0.32805916171794974,0.3425610787953052,0.26394823995610406,0.2348746259773637,0.2681628243287747,0.29433091874868816,0.30572691093546783,0.2583814352281787,0.328958996160359,0.30050615043946627,0.3305799218192622,0.2792672324460792,0.26532215859922476,0.24984468778288124,0.4385730178649708,0.3115078493061125,0.3195927299767024,0.22806829994492486,0.27785900275370756,0.2968415430054415,0.22898707136231894,0.3141728197334454,0.23766964705642268,0.26869325723488446,0.2277185588657088,0.3301841176767659,0.3059583698157942,0.2675187264159489,0.2974930751287282,0.31003456974294047,0.316765177725252,0.32546941259267603,0.28758465698215097,0.31198804612879505,0.35145280808764423,0.31047817358285124,0.2893789974038044,0.33265997836871003,0.2505901081918057,0.31604184527521834,0.27081438070303165,0.2828524517124468,0.31819524290918205,0.28342161629683343,0.3010157134366295,0.3035727951932197,0.2712623181292581,0.32121308531673126,0.22622000241138435,0.30705250537047946,0.27203230506985887,0.34642621699404824,0.29657112909809974,0.23953374834245633,0.28724001310614355,0.3642646554640641,0.24984298336635646,0.27654403088971957,0.27679653168422597,0.2086045355539067,0.2556535668820979,0.26441260933192046,0.2712930768536207,0.32488115742487483,0.21922262138894547,0.33764669151339777,0.3058945644283772,0.3169987805570012,0.3240484545262372,0.32926574909088974,0.3414976990924967,0.27758802918915154,0.3013293271070556,0.25519653330754666,0.30156450278222036,0.26964441752101087,0.32218437089732105,0.2899131137816086,0.41152702570643995,0.28286094889167424,0.24105048604601878,0.35513390412192214,0.21536682713793537,0.2838549781873712,0.2146565459896049,0.2706175907660243,0.26834088873682876,0.3336179938683185
0.3371566234823746,0.37089601404397693,0.27493039747867887,0.3247141210016724,0.24941091448663158,0.25133209005877893,0.3008954058796849,0.3429363190947491,0.29245591818199757,0.3556776029323968,0.28870062526539336,0.24785636802241054,0.33949916378630857,0.39134759639902145,0.33343446661784426,0.286906821324324,0.3527573863603112,0.43226498258950463,0.329840018960201,0.3739305110348573,0.3461963666073154,0.2928291050947094,0.2905527556531137,0.27913817546766795,0.3289900306875404,0.24160891003776014,0.26480154426409896,0.31852322942204575,0.28441982758111073,0.2433581273753007,0.32565064642643876,0.33661564865326593,0.3147591121475571,0.25451982580799315,0.3516697278522605,0.32547002131997965,0.3086547800454779,0.3797674016014707,0.2758729969869318,0.3533720395741782,0.34866816737545286,0.2761292451334502,0.3439859659678395,0.2945679476912695,0.35490802593025217,0.345205806913295,0.2608311768674196,0.2606299709383692,0.39035573320784095,0.37052687502124304,0.3794764555047881,0.28702022728838217,0.34809705132612234,0.34797755863462626,0.3190585175043352,0.26605913527719893,0.4150915245910798,0.2545941911806465,0.0,0.40785580228468077,0.36221933905261877,0.26402606426328334,0.2868561931257645,0.32058017960153795,0.352889606210167,0.32432207204669083,0.3296377019473509,0.30044542369809674,0.3885321242627415,0.34746732672462777,0.329789740760085,0.46530982386941216,0.3042326138743459,0.4123684008014243,0.34505061015720007,0.3097289616905414,0.3080339488279668,0.2870325659372099,0.3164171593022787,0.2507320835515959,0.2982931634532263,0.31727545317337147,0.33353235313528357,0.3271027649238834,0.33689524195182047,0.36182054435612965,0.28561438476005585,0.43937830948208195,0.3361615706299585,0.2688503698733492,0.29325677191793453,0.30476975665634154,0.36401380062888083,0.3348203074390805,0.39969378479908874,0.2573661632715286,0.3141772429133245,0.28395477708221206,0.2810518130183727,0.3806363983067593,0.35873812315059916,0.31505042073603146,0.2886324784479281,0.29145519811686926,0.38573885480560205,0.30037565312742176,0.3406490078668626,0.3027903223237652,0.35208485596342926,0.29551988222972814,0.2900528550145677,0.31354467016212717,0.30800818191177604,0.3239441742679303,0.3386291743404394,0.28748474332640744,0.3431825309271434,0.2967171621995514,0.2714240489749417,0.27492364156965565,0.3206019563752064,0.27248783403032184,0.28253959280230884,0.34487116002981905,0.31006897592031735,0.3034515698520022,0.2997123001548194,0.2749679155465382,0.3113318217937341,0.3837968804628596,0.29909575328021193,0.2968058133550764,0.30979096396532374,0.28280839650341344,0.3127275374529399,0.29761445042019274,0.2839253720173658,0.3146103079557781,0.3461030342622116,0.3772651615436122,0.3341309978267196,0.3113439658063088,0.39638188885132447,0.32769921050991757,0.3313258975346583,0.27765912838923884,0.2693453987614063,0.32695016231345003,0.32532508546167205,0.22378630395843965,0.3205850459067495,0.41061030079612304,0.33857063225934697,0.28390353487124664,0.3092676779304952,0.36423062811456625,0.2900474532120423,0.28807598076692015,0.3225329667683068,0.2919803677631189,0.35310258783744636,0.3802254339071821,0.32070055564332406,0.3075276295275381
0.35547934421400873,0.35383855733485703,0.2581335815451202,0.3204468370074083,0.2338175385351547,0.26448315404309847,0.2723782325137621,0.31901539280776825,0.2615267270754714,0.2873358262267699,0.27511350095152604,0.2674706882198509,0.3638645398255457,0.35909689466208966,0.30082050871880284,0.3015768606833646,0.35049960280306414,0.39997607364790533,0.3268955648142652,0.36172035240534517,0.32015752741817494,0.26154260009250285,0.3014574997675227,0.25770552552202,0.3011193506491153,0.25506560546822704,0.2872788677515182,0.3177066281719589,0.27182012476094075,0.2718060725443137,0.2947193082934741,0.36834226235276046,0.3258202846201122,0.2920971531221074,0.3270829362344112,0.376501194641865,0.30480574198426014,0.3889220910213259,0.28997238854491847,0.3562301185548332,0.367575193868517,0.2419576346726048,0.3142693860401478,0.2637151047481582,0.3571902107873098,0.4220392585456596,0.2878499966419881,0.2376443601481528,0.34654912770751506,0.46486495445433307,0.4048785552240837,0.32018903900584594,0.34390349938350756,0.31621157933751065,0.3152681240724925,0.26374428199679373,0.47172978720068437,0.26825021994009646,0.40785580228468077,0.0,0.3280830458140246,0.33972366611560667,0.29505439776288744,0.289338680887008,0.3169851729628685,0.3344982849638424,0.31157543213505373,0.2805310801151392,0.3395680602052684,0.2923283475279835,0.31635336322015134,0.4107101455965097,0.278581129985329,0.41160012144705516,0.3691627449247191,0.3150287161595591,0.3079862158110031,0.2817317404227837,0.3559884012857009,0.24861409723548075,0.2576742729150589,0.3050921068058647,0.2997245922559729,0.34550131191231265,0.3414403128658082,0.4012239970064251,0.264807711025578,0.4094438547051276,0.3866707682597592,0.2898938184666968,0.3193915762184371,0.3003642273763648,0.38549702428426724,0.37524397415268435,0.3321744530972993,0.24305758971907088,0.28752431472724305,0.2574853725281931,0.2655179227051983,0.43627867492578604,0.34431637704807866,0.30191858275468864,0.27547810080199864,0.2523921765294666,0.3977160062019483,0.36172482979267867,0.3818594916390887,0.2632507987556565,0.4035246229385846,0.263579296000961,0.2880893049293224,0.33210620333261687,0.3079977560884131,0.3029383009454297,0.4030160584279891,0.3190060023501724,0.3317265855808738,0.28338941126829065,0.24502360779174226,0.27378683801917075,0.32050059900334316,0.2872375910205036,0.29593846913951166,0.35658193672283794,0.2521724224012393,0.31476564455350237,0.3696375893128204,0.31056540940975425,0.3192497983291223,0.391117000132643,0.2740317607232541,0.2895830684215517,0.32006821048118783,0.29024976914515255,0.286328474090135,0.26056321181084147,0.2859402036998799,0.33566398467947434,0.28878874825633316,0.3841612254099557,0.2557209276288411,0.32249671225871634,0.3956453108665205,0.2992342643703074,0.3040530531040554,0.28640134136032264,0.2695852571619481,0.3186256462195987,0.2919621206005726,0.2321904034293448,0.3078629962786148,0.3166208048560834,0.37489363435953527,0.28020590556096353,0.28485620293566066,0.31594223715990866,0.2980432962261208,0.2727393128703433,0.2724784452094712,0.31304050892705076,0.2781601304770044,0.3188731621037009,0.2738061653563887,0.2842383582428387
0.3110783889314237,0.35921151740861845,0.2812988134659294,0.3255072071588494,0.20268189369249395,0.3420143837894661,0.23825003119290233,0.42059350017477476,0.25908818504353304,0.33624672684930346,0.29933535311880405,0.24561830568132753,0.4067811061513711,0.3001851257059588,0.2850851011590599,0.3089038579338358,0.3367967273343995,0.29672142147865876,0.29184514309767234,0.33467066097753,0.3098308078160733,0.28894376971156505,0.22807021537393626,0.2523357169629195,0.3136112503311496,0.25003729242013967,0.23733873111515702,0.32041626153884323,0.2672061085398752,0.21674639201639312,0.32285617110002524,0.3468532198938993,0.3001967114737564,0.25404594565177985,0.29023117861492087,0.29268678435557166,0.3491420321816719,0.30368787015818605,0.3049979898886651,0.2879403015661507,0.2861810656744334,0.24676875375137458,0.29410259036559067,0.2795493711282314,0.3668576573137278,0.3026101173841727,0.2175900850615891,0.2857322566274374,0.28774919160209866,0.29478344057275524,0.3376418396558944,0.27976131377619173,0.27755097396133066,0.36410508526193525,0.3101073162828238,0.2857412896809842,0.3184235163201528,0.2710939015973181,0.36221933905261877,0.3280830458140246,0.0,0.25542670851341676,0.27607218736823264,0.23071943675422946,0.26871459458418934,0.30657679977185487,0.372264815209624,0.30238616760085246,0.31885996617930734,0.36821435853662826,0.32268288566908,0.3014925983716412,0.29401496364232793,0.39642889653688196,0.38607529147917496,0.278400028807212,0.34737961837032083,0.26327075532448163,0.3080974159264719,0.2713932921470927,0.29990945276473935,0.30067829925294653,0.3044271590434177,0.38295175156638855,0.29363015810404414,0.32650082490039345,0.3721962508838587,0.33581665463660115,0.32708640422365515,0.2853377974157855,0.25048123004871486,0.25451261866734753,0.308637875412883,0.30184329194679355,0.31623536596837476,0.28199126771523436,0.30858777522227065,0.25752757096171197,0.21886327577483095,0.37366255684501176,0.32532978615584607,0.3335519537583102,0.23806240685229177,0.2404646483267412,0.3042590783724907,0.2917593121026399,0.3584093909613964,0.2890943694797581,0.2876972859755355,0.3025991861073414,0.2763451053716756,0.253399724509971,0.3994871178527645,0.2997776571940571,0.2921229934884738,0.2829202429165141,0.3024315345569402,0.24017428764862037,0.2918287987585595,0.2513618910857858,0.24468342963164083,0.3292451433568663,0.27851741027864485,0.32057129796503686,0.2691879977365862,0.3173560892922621,0.2910567117641636,0.2836179313411075,0.3100232581177713,0.30309763397591016,0.2777836732818945,0.31541448465873134,0.36007773580384717,0.27734167448446395,0.34875485350419905,0.2521349815755868,0.26570903528379863,0.26238798885568,0.27636337099269315,0.31185976203551635,0.30617073104262,0.29043568095102873,0.3560980714470524,0.282128845492539,0.31457973180612947,0.24342520955001917,0.2613300003326681,0.3171923301277615,0.2926693624871215,0.2034954939917615,0.32014530333370256,0.31409542097543924,0.2820359738608471,0.2455550845782294,0.2861576836114777,0.36723053400741523,0.27991586054060513,0.3017304072800589,0.28565580360103254,0.2949386631860429,0.29371084422567767,0.3165167932999355,0.2622787706641685,0.2691983185276592
0.26996725999945587,0.24274519298402836,0.22216996897151428,0.24010942079066008,0.20123241924322924,0.2709473158572681,0.2138984820277933,0.2530131518486743,0.27533778180623875,0.22226358571196878,0.19916835072393085,0.2120802683999425,0.2641536399143333,0.29316584365346043,0.24072498901421943,0.2457693453333827,0.251324079494882,0.27354237258760217,0.23823174144644335,0.24925004889593838,0.2638195104300468,0.21894321170418338,0.20460567655084894,0.18315322207234433,0.23137211137814098,0.2457180228405656,0.20813083228383142,0.20648882343058897,0.21391045041828932,0.2346698457105037,0.25407975628544066,0.3204460954000363,0.2687699811248671,0.2211309822550707,0.2348190825271047,0.30690029900624455,0.24122193901791172,0.31985546738683746,0.23381596824890294,0.23938493425987312,0.2854723664456017,0.2418537706175666,0.2932087845042836,0.23506993643237287,0.24636528659715484,0.32482666068422716,0.2912190602123849,0.21078686923529286,0.22919165344588177,0.35973295073629535,0.3176578637249847,0.29611302357867003,0.30501910510822267,0.25394758069510576,0.2559183328862837,0.29918480879654746,0.3196496152637087,0.24759916146816857,0.26402606426328334,0.33972366611560667,0.25542670851341676,0.0,0.31499827365877164,0.26512500833260355,0.3339488508968185,0.33849451741060776,0.26257283392444747,0.28352686377754116,0.27214641748352647,0.24709354609607218,0.33621873921078227,0.3057159698028571,0.278307643680601,0.2800201103780173,0.3029378816253386,0.2703649661887317,0.2530023278504989,0.22835821924106195,0.334443083478753,0.26931589744570905,0.31919892329213306,0.30891416053638426,0.25611245159106893,0.3191938249527858,0.33887453327769773,0.2864457942022857,0.25793772886592026,0.34318780685846473,0.30633419840540993,0.2637666741882819,0.27740704131393684,0.2845666998790894,0.2821587566098967,0.2982815828386191,0.3147717281555695,0.23535965786696342,0.3564515002766293,0.2513651032358072,0.33104369932878547,0.2838961407224441,0.26851535575167046,0.2753868336942506,0.28772192641582156,0.22225447544650734,0.3760908586996176,0.32171888238849156,0.3589215966517129,0.2138256305482975,0.30236531932191263,0.20196401244869222,0.21979484604572844,0.31514356922286946,0.30477065244874335,0.2827320452121886,0.3390448039383298,0.23940982836922345,0.28499059061183735,0.2238105472546512,0.22774264947136477,0.2861331987920089,0.2705841990122871,0.3382487810274882,0.2707646969810083,0.26710698450762704,0.283075584564159,0.23965608945655545,0.41057476282985017,0.24533391741881963,0.26237003606259746,0.32571928583764115,0.2733452917685869,0.3197912435285489,0.2734212474223515,0.2782700318169626,0.22694467159099085,0.29756152130522634,0.23769300445220978,0.2553106870395645,0.2070609613998656,0.3144574126382613,0.2449785976398602,0.3420752587007218,0.29677037250273275,0.3086470550644072,0.2685425127786078,0.2595131076345922,0.26219741365021043,0.2944980787088716,0.24453138309564448,0.2663498167248349,0.24733454575213468,0.29549699893347936,0.23301822418733703,0.24879993453735846,0.2583836438715336,0.25763387557558304,0.20748858373503484,0.23236370366955353,0.2175684678573601,0.30918761952700186,0.2651977811365299,0.2878950283861094,0.332044722673939,0.22324064536440189
0.3303008517008061,0.2662465834075656,0.29059170553151586,0.26997134216229984,0.23305492011336496,0.32143302118355416,0.23207667650345137,0.3007368003994353,0.26085578884094696,0.24270134394469584,0.27989079045510745,0.27022419108617013,0.30316440885897494,0.25321093689634144,0.26492810151875434,0.29990504678049296,0.33477011867719536,0.31910736537972095,0.29706970779572617,0.2897564278540554,0.39152840592331367,0.26763606284271885,0.22825931446073827,0.23610900907854568,0.28363203430353096,0.2981403199931563,0.19927052970192285,0.25349329383247626,0.23408882638896494,0.2544861780732841,0.27225523090968673,0.3151445858230429,0.27277985687475137,0.23745270934652174,0.27617788299470053,0.2844710012660295,0.2886612765445697,0.33538262465134316,0.2517519434692714,0.2957507648293545,0.31739099442254043,0.27912561592497814,0.379217082164263,0.3005058549268159,0.275284879938222,0.33689627613120043,0.3273983446420703,0.2773732153795814,0.2688054670518518,0.36746515682252784,0.39338692761445354,0.41718616008085047,0.30194650691864433,0.3025910188631742,0.27542761881256733,0.261711852540083,0.3845226225685512,0.3351261049295865,0.2868561931257645,0.29505439776288744,0.27607218736823264,0.31499827365877164,0.0,0.23699881593079147,0.33336018379213983,0.3967582357769807,0.24158784212017306,0.31794888240585306,0.305953980287269,0.31050502392208856,0.3636796896849811,0.2738127382599665,0.3009228414882984,0.34976029998423225,0.3523452862963352,0.2766690217480338,0.291961505771081,0.24502450146390134,0.35422850658517074,0.24963817437697408,0.3959361225434295,0.31125800144590576,0.29664618816982896,0.3419396410499883,0.3323498116339048,0.335591086717155,0.2798589937682512,0.3047755455071956,0.30474000053648875,0.23114317304119822,0.3387915485343273,0.25179643119055717,0.3048324764049781,0.3246545561067636,0.32272285936932543,0.24589998414519337,0.31998538670477894,0.26470949149417833,0.23540290866377472,0.28529717980720676,0.2229789617471555,0.2723126972582562,0.2899611366174568,0.24377203413754192,0.3799940420285171,0.3406824461615999,0.35315161950140345,0.2587315248788692,0.31917928390822925,0.260908078708974,0.2935171301595988,0.31097700806048345,0.3127884857448936,0.2569970827056962,0.3765951535122815,0.3034491315452195,0.34960778822135075,0.2497453491895446,0.3248261651123345,0.24850150540118388,0.28746129665848646,0.2944014812174655,0.28135584626724497,0.33725338692758183,0.24764176938559687,0.2758543488071862,0.2844251922809437,0.24367923410744938,0.28305803703196164,0.30018163410520726,0.25920640612279167,0.3819317746926116,0.2435308674822491,0.2866412605866987,0.25454304512643544,0.31838678680950977,0.2753810221998228,0.27042372806004045,0.23603945183860667,0.2884246959849398,0.27895682437670605,0.2829418430053646,0.2852707934063351,0.2856347905663202,0.2823038331967369,0.2832371579464405,0.3143555530585326,0.30059018556119765,0.29117733711866084,0.214553197091017,0.30856130444002305,0.3413070763949057,0.2548339281870631,0.24754767828317795,0.3065555230156289,0.2710487639415236,0.2426258488531203,0.2907885743901074,0.21985206238607619,0.30215777846234937,0.29034000556456907,0.2890512606168107,0.24898555684158133,0.28865817138680533
0.25621074087974194,0.2539020229506064,0.22617709932030736,0.23780753933417653,0.2454336912433493,0.20582225041822036,0.2356170779541595,0.26825051590832144,0.2783233854264497,0.23270942498889868,0.24376809276609193,0.23837910728454867,0.2317487844332772,0.3441972074118612,0.21080809003197007,0.27197178104882286,0.2714559773281511,0.2645810730085609,0.241570010777964,0.30991731429869473,0.27134326306905776,0.24192313000541946,0.26266634105367026,0.21874650859345848,0.2668846798183992,0.24105318399706455,0.2544459686170673,0.23699894792565745,0.23607665007814382,0.21345916725297395,0.27264095325592946,0.253491428781131,0.22162576873912346,0.25498451696717184,0.344302243072207,0.40189066167986126,0.23667187586789992,0.3859571048894231,0.2638044393568588,0.23922586688208533,0.27596533969981635,0.2501286119044697,0.2642347914330064,0.2665499326235889,0.28138774855268106,0.23686596456151746,0.24718819980576648,0.2472948970991164,0.2892146822396443,0.3300058622295556,0.2509634074570517,0.24171888295332014,0.26312801732185814,0.24417714283870873,0.2765392865131212,0.2548640662723073,0.2725848549700649,0.26147590050694314,0.32058017960153795,0.289338680887008,0.23071943675422946,0.26512500833260355,0.23699881593079147,0.0,0.25377177045517724,0.2363025791673229,0.25737598467273937,0.21227466521514002,0.3143693164366531,0.26119379226055256,0.24956371165050023,0.37329470231500367,0.3243217520313824,0.24646099603195856,0.27058743345591585,0.2252797247037752,0.23889942005679848,0.24631834368753833,0.25590051657475976,0.20048172782747084,0.22913121036472278,0.2663121493561051,0.2220237074317048,0.29321512182655823,0.31758464690040844,0.3026697101064416,0.25216329125673487,0.29621552342662194,0.25670102382052373,0.2508983267046958,0.28374029935765605,0.29697578056933943,0.2941582284998996,0.23520085183564288,0.3301970567362979,0.23753306983248154,0.27475325105544424,0.3058947812556534,0.43012296483273726,0.24795009698985154,0.32591769251254504,0.2528759870741593,0.2993051413409992,0.26932801939891815,0.3319600808878728,0.2476024288785691,0.2671675826069806,0.29491007800063923,0.24233487863902672,0.23440636982673516,0.24521864297067242,0.3768328970722599,0.247133023230622,0.33773285197179725,0.26130406054223787,0.22963442347438576,0.2515703080867896,0.2705727257101216,0.27357788415805784,0.35716877747974396,0.3210047515594014,0.266282685366184,0.28462762816309695,0.21886568069168494,0.31799503347150126,0.21465929117329094,0.310089637457966,0.262987964410853,0.3028342817350495,0.2877850306628152,0.27765178190349044,0.26070984149360577,0.272945795571592,0.3206510783948637,0.28778506453397695,0.2545484629728823,0.23700053965845874,0.271761502082823,0.29526892084734074,0.2824815665148777,0.22602561775476482,0.36548989920421293,0.2908293511246034,0.3975533367503647,0.3237919841344776,0.2942013072815414,0.26730090618921043,0.21915074373762417,0.28893854455039264,0.3692092953016417,0.26946549002869713,0.2740591494422779,0.3127724081390836,0.24596507069404255,0.27717533406662426,0.2523466944516414,0.19871017699705457,0.21500847325473676,0.24629231987250796,0.24428284839818096,0.23708389590135845,0.28451366712064485,0.3145550572489743,0.2693401986815992
0.3233442855057253,0.2686031073559789,0.21897427642916514,0.2646876684133706,0.2316680216901068,0.24409430565245,0.24106083873332107,0.2574503785270766,0.3020771364645561,0.24464533413874964,0.21171304849846284,0.2220072743884704,0.24127505105678526,0.2725193159574188,0.299655256367752,0.22254380862032286,0.2600323079847641,0.3634350363705101,0.2914315508458406,0.31502385911108916,0.30975030409099386,0.2569396773626722,0.21485455094200376,0.23531267330328662,0.26130623524282875,0.22180032287064336,0.1914057745319873,0.2256503516418833,0.20582515887088149,0.21797754683476375,0.30313192035590864,0.2761354478534773,0.2689505290706632,0.2239371425625945,0.2833792618765247,0.28069756396468354,0.2395308828574926,0.3081053890815243,0.2693176534364335,0.2583888989126862,0.291014760419975,0.2576478759881258,0.3411373637849238,0.2793005121427703,0.2548454209085544,0.33646209242657976,0.26818697238346423,0.23239621924104645,0.26613474312693974,0.3861982723396709,0.3369191429978272,0.2951189204837234,0.3762195439621643,0.2796399625884591,0.25005329584936486,0.26266931803597954,0.3825840983306455,0.22621674941604916,0.352889606210167,0.3169851729628685,0.26871459458418934,0.3339488508968185,0.33336018379213983,0.25377177045517724,0.0,0.44949284544648027,0.2703573350358599,0.2818095940071648,0.2790110552937102,0.2674897155171899,0.3559187527340436,0.3526030461902253,0.29075869448185615,0.28824495390175725,0.31002065499135417,0.32547868284567594,0.24442247674238113,0.22166470296494462,0.3304208023356565,0.2523269506210316,0.34228576412335554,0.4018187216626815,0.2589662374421015,0.2640190800203223,0.3628248659940218,0.28078571185537743,0.2536302505806109,0.36304191828722365,0.2957751830218071,0.25321351551579024,0.2710052494745071,0.30188376672296013,0.2883553521138653,0.42751537247251764,0.3608676554533634,0.23035826336206291,0.3506788199556163,0.24610793409878448,0.29264382962090046,0.28967135172998526,0.28044802565062055,0.2829615272857452,0.29360531317073607,0.25101830611268805,0.3644884881720141,0.2830901372933787,0.3357780134391968,0.23046534138419725,0.30579849538399784,0.23223870308890462,0.2572139644969049,0.3403228672155021,0.3073443341405379,0.27104269303942197,0.3487574014557426,0.2414008892991216,0.3244233214987071,0.2708497454949058,0.23054575403027372,0.24302789436215433,0.3181363738192711,0.2694916652602025,0.27463665013201993,0.2882930082877423,0.3241620076244905,0.22966401438817782,0.3362990057766072,0.2184568382661057,0.24784138375361303,0.35975419995890767,0.2562446985292316,0.2871314616113574,0.2494549082526919,0.3105206022080667,0.3168285526688108,0.3922196209047643,0.26335124938530097,0.29832237671940415,0.2407522835845729,0.33620186434794946,0.29260884040962604,0.28899176512633284,0.341552960797442,0.2972899329437018,0.2827963476806991,0.29036418367748695,0.28272027720558496,0.30324213438692504,0.27185631847885766,0.20565086688842568,0.3184297489976996,0.3657225585704224,0.27877148219330533,0.2302071432284233,0.27438023840481723,0.3151674939739221,0.22753721764206955,0.23258803789760246,0.25302140454620087,0.2766575043996528,0.3109361916602462,0.3178781629537024,0.3195365295057819,0.2816217619992297
0.3525087790791077,0.2726989134185593,0.23738171187080015,0.2782363717845037,0.1947097077970112,0.26294207845258516,0.21713536169195638,0.2839545944164754,0.2658121678254329,0.2514150061760236,0.23588127006253826,0.2371904862432829,0.29876549450230844,0.2669448772894757,0.2605989892193002,0.2718474697379724,0.28953490415094973,0.35440538212021594,0.28663845819788064,0.3394834539793736,0.3240563338389298,0.23618107074665673,0.22331999720550422,0.23570664208617836,0.29965882752128,0.26751566956437856,0.2067046365678675,0.2627823915178411,0.20915508220660423,0.21797869544540804,0.2891095520241302,0.3160765726137134,0.26187061386742794,0.2621723186207445,0.27281407029136184,0.26616683769550686,0.2731386366257586,0.3211442426248248,0.24888685713851538,0.2821038997869977,0.27071995773459023,0.25217904840440214,0.33311651135204623,0.27341087101404676,0.30387620356405,0.42852455001358225,0.26774975726741934,0.2484957236592751,0.27050078381401366,0.35569258334710246,0.3453747453560609,0.3274394539684617,0.34524241563992664,0.28331251379747574,0.2504430384723497,0.26403043601953546,0.4125689487305793,0.2480254295262957,0.32432207204669083,0.3344982849638424,0.30657679977185487,0.33849451741060776,0.3967582357769807,0.2363025791673229,0.44949284544648027,0.0,0.3228509789464578,0.2854623859510075,0.3004868080286292,0.30313821660497126,0.35711962400052777,0.3162895828052849,0.31205357605665957,0.33785661714598236,0.37026367197549925,0.3854193476131093,0.2695821690086092,0.21755308403619156,0.3961277792447195,0.26891370388252267,0.34796363196942565,0.3240487621739698,0.2658581285224728,0.32639979436676775,0.3701051886246987,0.3149786994006978,0.28725147067194706,0.34643678827102775,0.3447553798259445,0.27928401172139883,0.2690850386261778,0.2587821242525444,0.25849229797581436,0.47735659569488287,0.3254338454843386,0.23436310806324392,0.34868931231431105,0.2619927850618132,0.23343535016148828,0.33856162310844257,0.270581120536319,0.3158985249318378,0.31364681159605645,0.24063371098486264,0.36002429374152795,0.3230003800237622,0.43054125831393963,0.26198649658089895,0.3305177355415778,0.2653470168468834,0.28489807108327253,0.3175681528693138,0.3398027716947998,0.2805136439301151,0.40298169814358686,0.27042192174402174,0.36676772581698835,0.2501966543427816,0.2588254394295412,0.23443243933151084,0.26913548615750776,0.2765459635984075,0.29668539496871277,0.31028789621731245,0.26246805270416895,0.26670639850630984,0.30650812434187685,0.230563093647745,0.27169592499026723,0.32335075260028434,0.24937057815259142,0.31005871134924745,0.28959937458282686,0.28104693133817005,0.3136513106472993,0.3536968859469037,0.2728065339100795,0.2668797837733322,0.24994900775042284,0.33170829710807587,0.2994982805038688,0.2833765556502502,0.3147921848488043,0.26246897980969974,0.29476275576391225,0.28460066699809944,0.24698900117101627,0.31702367679487004,0.2921172151204772,0.2117715992951361,0.3449391030394041,0.3399059324703779,0.2715629392708447,0.23096333030313718,0.3003111249669336,0.3341118647685496,0.24905634653199005,0.2701414363888277,0.2336211223179346,0.29986163111973213,0.3329750541387335,0.31075910504537857,0.2958544605971924,0.269206170898946
0.31026467054443535,0.3141410625812912,0.25388217273083086,0.38055873805479107,0.23492754168239158,0.2629602715794425,0.30364135543810505,0.31726289254457296,0.310054199942892,0.27812319281600956,0.311761461323581,0.25580614163221915,0.34925056254966336,0.3546381570507035,0.29378498053928004,0.2866260096231773,0.27632536031400007,0.3093644853101517,0.23725855002302468,0.30987853203385096,0.2911850649384242,0.2896543155422137,0.2851669206891139,0.27814705334448137,0.3031089875586931,0.35154397238493906,0.30250568982533266,0.29109801038176,0.25418404858519955,0.21966866716072617,0.3159643258347584,0.28840993763875605,0.30819989314099094,0.3070264765511212,0.3160837229975097,0.2898937098477472,0.3548070810807,0.3171029024570181,0.31160386600635986,0.3334207008461018,0.27282008396508745,0.2900504938215277,0.2516506913974444,0.30020658895571894,0.38866887711769926,0.3426535418612327,0.21577172319498344,0.2820550455408126,0.3079024322340343,0.27404021236107406,0.30912518666975325,0.2643117314460992,0.26080632037641055,0.3271180656724319,0.2909038147824694,0.31557158248553197,0.3001157954899859,0.27610568901461274,0.3296377019473509,0.31157543213505373,0.372264815209624,0.26257283392444747,0.24158784212017306,0.25737598467273937,0.2703573350358599,0.3228509789464578,0.0,0.3094427933529761,0.2802514769205029,0.3225720388941559,0.3466863292135127,0.31325490204048784,0.3667391323540482,0.35947742988053827,0.2949460231960607,0.30017117001564414,0.35304742133656447,0.31053181033878857,0.30863077313573434,0.2594365261366432,0.2636062498865285,0.33018837576453586,0.28453061422653836,0.3026699075428177,0.33857547419074374,0.3345590765845202,0.39304841901111937,0.33050010668255486,0.30129868802047005,0.4496245340582687,0.2986068181647405,0.32148707384070585,0.2511336850921047,0.2897282049213095,0.36658414752286617,0.3032148866709064,0.2671247132639798,0.29661017440947546,0.27277561784583865,0.3865866161661473,0.3872759314453306,0.30107380591078065,0.3217466460231016,0.24052161210484893,0.301767114633706,0.30038392491534854,0.2920837615022544,0.2926333081072635,0.3231089103521604,0.30656766029424554,0.29744206889284125,0.31808875573707973,0.3909051104811513,0.3635201616236045,0.294001021127733,0.29579120764734645,0.27651915388862497,0.23967443802487207,0.2594712954332715,0.31408873008883964,0.29231830408351317,0.3171872332850741,0.3143974608752125,0.32708977157814,0.30614006151239803,0.3007014490671978,0.3000956156727496,0.31594606131326725,0.27996730038128503,0.32498121572042704,0.2639279831246674,0.2762168227174109,0.39454780146305535,0.33624535612329154,0.3532394655924767,0.2566136883672602,0.24638208412459017,0.31255542342504355,0.3302577400504436,0.32783363875872734,0.2995926548767605,0.3010908683001238,0.37913888838581195,0.3157017839528938,0.3727787257012534,0.3180634628096148,0.2806059910360326,0.293524323588963,0.2738223204856155,0.2096050667654808,0.3672998244798346,0.2630536404872975,0.28232508204094936,0.274081715869743,0.313571100907816,0.4490049366143018,0.30002656619876766,0.3111208415317813,0.3313470708161149,0.29105362181288,0.2754744237730435,0.32553439256369465,0.3572988339261939,0.33978481332968524
0.3412531889176375,0.30750855914859404,0.32426120532006897,0.24984403215144113,0.26255815590009657,0.3273951367021112,0.2933023446799414,0.2944056385809876,0.29446717773457987,0.2830060168509031,0.2856012306406482,0.2546199188732337,0.34873006475877394,0.2826731015728235,0.3373192323478333,0.30898514643193764,0.2878800404947316,0.3155411112828241,0.24791264952944542,0.28778435348553194,0.3357220052930669,0.35519897660007244,0.23346305865121147,0.31325623536564384,0.2993624194135328,0.3106985640113484,0.21890571405105877,0.23070709780876222,0.24735060047337995,0.28071381145177027,0.2975439409649479,0.294234321269052,0.3003272052046838,0.22250951669065538,0.2652312962107802,0.2572806999402437,0.4049097238007948,0.3152402260184357,0.2715099158317944,0.2860368709629259,0.2892992747139827,0.288569119946217,0.35138560719116163,0.3174393568931179,0.3028328781852119,0.3063353443203742,0.33804024790351245,0.31337413340528647,0.28618230409133943,0.29692474865757323,0.36590748510789517,0.33192826347678517,0.24930961405474086,0.3002515617845496,0.26017106487216013,0.31992649291193315,0.30933569191896854,0.2700738277198594,0.30044542369809674,0.2805310801151392,0.30238616760085246,0.28352686377754116,0.31794888240585306,0.21227466521514002,0.2818095940071648,0.2854623859510075,0.3094427933529761,0.0,0.3070062051535419,0.32486966211810303,0.48097478492146617,0.282193092377633,0.2525074725101632,0.33863230096271985,0.28231400451766403,0.2777657828649923,0.2916127066895265,0.3004972966901505,0.31287428742371187,0.2955029488867636,0.33935328276058796,0.32755019791881307,0.4641885493132151,0.31177955874801805,0.2572671411981914,0.3567017294667319,0.28127163749934425,0.31148674413558597,0.290780125121207,0.3275200150446588,0.30378617064769825,0.27124818293924213,0.2904635247159264,0.2737115283662968,0.3071218349025264,0.36148440904466483,0.2640986432094795,0.24917604874140095,0.22346781940176685,0.28821519277651286,0.28446302535660123,0.25687995108925493,0.2471650402840737,0.27482898430887504,0.29181046413425843,0.3824824605652407,0.2822402434749549,0.26499133421694,0.313023646818692,0.33188850393345737,0.27126177051779,0.2587529904730123,0.30683460551625885,0.2468901340102701,0.2783303507176396,0.28949075246650424,0.24889581978875794,0.25556000273658175,0.26410883522041734,0.24118014266645657,0.2945002046477913,0.2766206083324846,0.25956302555283056,0.4360940615581967,0.26583686313272104,0.318468370264163,0.24809381057629754,0.3030696145020595,0.2475778919375762,0.33831775207554105,0.26806138012051495,0.32689909104324905,0.2671646828056667,0.2640031271224803,0.293647537807487,0.3175408260965892,0.3475920947026014,0.28011435208272584,0.24777825854057195,0.32559403870534587,0.2968792664243391,0.27068975899394093,0.30494638089456755,0.253192779530472,0.33941739672214283,0.2843349681699307,0.3585882020710776,0.33230673752357115,0.2929879485045326,0.1785892760607541,0.278041901709634,0.2695399877219022,0.24243402319032223,0.29681343903470186,0.30042549182178524,0.42243905042119273,0.2929732713374864,0.3732624417252499,0.24715815042165892,0.275813522789352,0.2861107859379342,0.2900961698235389,0.27342134753496705,0.31689639133581365
0.3080026478353788,0.2916690877567488,0.30070838525268373,0.2822921283903819,0.2391533201336162,0.24353529740571492,0.23608726644191858,0.3410205431496876,0.28978313381715143,0.303949607347083,0.2936084130111985,0.2359012775981292,0.32443605581469026,0.3325477343719793,0.2743547086036239,0.32584122791018666,0.3495383020708041,0.39457018017679546,0.3037974524755754,0.3253075607458454,0.3218095691682101,0.296315712143291,0.2741227984553862,0.23012645190926093,0.3114653810871692,0.2689940941767571,0.29101839407242724,0.320606617490318,0.247556580386492,0.2756429160272445,0.2851847258865443,0.3100291067707927,0.2852539532127056,0.23270734352971242,0.29189636623214765,0.32277191942634276,0.2900678075649244,0.442515375849529,0.2524989267223284,0.2804413851363718,0.31645562773325986,0.2622753688057363,0.34805907718903084,0.2538635071627171,0.3445103260848116,0.3272364351669595,0.2613323030758249,0.2520773048527826,0.32055616789185865,0.35299189084725147,0.3194494675520001,0.28402982427566187,0.27158906745211997,0.2928706234007592,0.2766819319011171,0.24130281989651023,0.3434734561808888,0.2854556196389876,0.3885321242627415,0.3395680602052684,0.31885996617930734,0.27214641748352647,0.305953980287269,0.3143693164366531,0.2790110552937102,0.3004868080286292,0.2802514769205029,0.3070062051535419,0.0,0.3655036131443944,0.3128038098156101,0.33916522051432285,0.2847522418424782,0.3492258436192751,0.40319353023348475,0.2563272698015185,0.26918686486703247,0.2554069181327518,0.3598163625927886,0.21136084721644688,0.2637879838882057,0.3039282400887715,0.29134910606675984,0.3882131703542243,0.31077003333467473,0.38588829705416516,0.27157259330737554,0.3574442084050106,0.30395091902319343,0.2568458936877219,0.31096482141048476,0.247925353932181,0.31543123709831755,0.26035353668050665,0.3353406680207332,0.26280366291793084,0.27428532436025904,0.2650340287316283,0.24820167871627852,0.3009523191268185,0.27888327618536574,0.2960585643124392,0.28969476864325444,0.3116421041265445,0.36171872181303516,0.3241454190096167,0.33516788015598314,0.3109808680974721,0.3061490142744607,0.25139000275820744,0.24852901228734126,0.304653967842643,0.28450648147746377,0.33101112502211166,0.32102497226361304,0.28070590953609303,0.27783255558840586,0.2870815133874088,0.2696720064758852,0.2785847414938171,0.2780605972466728,0.29768518853157694,0.25935589709625717,0.28502464908161074,0.24773037240543855,0.2813977126459501,0.2822327256730933,0.2559555404091551,0.3025368171798206,0.37363924343708105,0.3272706544439583,0.31646619618551985,0.27658767592766204,0.26264041523848813,0.3034053339510856,0.2502298586688349,0.26425302145276836,0.283413394701545,0.3304242165324763,0.3376720445960172,0.29472231854463327,0.3028002644177574,0.30625136475600034,0.30443515132689336,0.3085461844108999,0.2807826133403396,0.2585046918079836,0.2966335585693102,0.33961776485503786,0.26002077053824685,0.2741068894157973,0.3075737436426017,0.35912473614975576,0.27266699488205876,0.31235138956989705,0.31719498297106796,0.2529155027129094,0.2591199035881539,0.2327825475488878,0.2558143358481406,0.3100625517639764,0.28429019518729354,0.2936388774209797,0.2638240305101196
0.3662237734980347,0.334751477926462,0.3226274991044783,0.314456723014055,0.27061519900109904,0.29145450235414655,0.2707299850585971,0.46060734366902123,0.32897533077272306,0.36377313824542634,0.3110865457842376,0.2639674905492508,0.3594592325543087,0.3224241124744829,0.3009218858405312,0.35622328572171746,0.33307938210489735,0.36936265328052,0.30390340215653633,0.3327020130253946,0.3518901053234298,0.32953142451547585,0.2951655391922168,0.2621137087837491,0.4142024852032633,0.27369760707188157,0.2801005658793238,0.32552029621852,0.26843399210667007,0.2829564477419828,0.3804566923652282,0.3375612767365545,0.2824573764501403,0.2877164212159086,0.3506500953284545,0.30429786619868815,0.3786808304547237,0.39788893321002816,0.26471785119488106,0.3062438735992086,0.26720499268472164,0.33703514659157685,0.3322649618870071,0.299911876890922,0.3857480366953701,0.29422662081065,0.2449691802073344,0.2831981370761187,0.3474010969212555,0.3007526614404938,0.33968044429843847,0.28340747029174373,0.25711188414032693,0.3133324587090511,0.29337282981561075,0.30459519115553657,0.30980233949152497,0.35627620682917127,0.34746732672462777,0.2923283475279835,0.36821435853662826,0.24709354609607218,0.31050502392208856,0.26119379226055256,0.2674897155171899,0.30313821660497126,0.3225720388941559,0.32486966211810303,0.3655036131443944,0.0,0.32710694902872445,0.2969333173818463,0.31937143494027836,0.39482434305499253,0.380367980033668,0.272220318578737,0.3012920444939326,0.28370878954106965,0.3073131340802222,0.22741482435948313,0.2806131738976048,0.35056785291052045,0.34270212557699714,0.3463929147692506,0.31748933734793316,0.3759693115842849,0.42561066639334455,0.3310118086042777,0.33394878313461385,0.2817701600994236,0.3447204620725285,0.29527678041504607,0.29107232387723597,0.2606854026728347,0.34399764012301776,0.30172739816862604,0.2642441068129641,0.3057754626360722,0.24050712272160388,0.3298591810125294,0.28601530347409626,0.3521688200054563,0.28957434497689516,0.3125384709531316,0.32592577499538405,0.29291398733991203,0.2983656326038977,0.395239826372137,0.28278762119999273,0.2858752292907791,0.2940641370821847,0.28227105637685307,0.35768555511331057,0.3408879201501409,0.288830431097898,0.31401061427064103,0.3084155033611617,0.29798135025016076,0.27996984364853655,0.3088060998356506,0.2641992290341194,0.3599930367164361,0.274271436446589,0.3417202522871165,0.2631878872251555,0.30981779291859624,0.276837132382244,0.28308162471025333,0.30332279403515894,0.2935881200011064,0.35090340948277543,0.3276326315374722,0.3213043686374867,0.29907268649550106,0.3127293242988506,0.2392720726142532,0.26161811797133805,0.2969340412777056,0.31556041676338337,0.3804821465778993,0.2814317187744302,0.32370668663874985,0.3681442112623617,0.290034624075057,0.33196300572932497,0.31503129783398887,0.2950132726288298,0.28080018561913833,0.3760010492415669,0.21659139217023718,0.3456870372320411,0.3135342546776161,0.30664658804650546,0.262868282356313,0.3753703620326834,0.42957780233071774,0.2965500550044008,0.3504492385055404,0.2621870571298078,0.30976253615293914,0.28876626773812497,0.33903813895017615,0.2830227796010653,0.3373954785907479
0.41540731724796376,0.31875488895697923,0.30294172620954873,0.27444094470874436,0.26027543417581894,0.3216617113560693,0.2947058437519887,0.3094783999628604,0.34711824505094657,0.2692580934570541,0.29049874228862416,0.2714070152948752,0.3479666168177622,0.3012834937347608,0.34437277825070944,0.3163758318912852,0.31978602737602013,0.3441782511590901,0.2801499040929395,0.34105295940765734,0.36248895688491695,0.3488462619345147,0.2262170485882766,0.2802653909269479,0.2925218844092887,0.32115281358822834,0.213018862961549,0.25434417778773594,0.2561557086751662,0.25890204937112293,0.3378626388767664,0.34848125213097747,0.3370562088101452,0.24695312959246138,0.3045801805608574,0.3049239779275436,0.37119247307723674,0.3590667022714916,0.32565563886388,0.3276478056349963,0.35350906531461807,0.2986856688372893,0.3964913885594117,0.35779462642703824,0.3211565324511151,0.3534350700521275,0.3115720900216308,0.31711938476699564,0.31143335222836227,0.3843655153799302,0.4546272966057002,0.3946438885748955,0.2840492220195134,0.34562396917441357,0.3013511651511225,0.3296914594834074,0.40475562712764623,0.2874757229561091,0.329789740760085,0.31635336322015134,0.32268288566908,0.33621873921078227,0.3636796896849811,0.24956371165050023,0.3559187527340436,0.35711962400052777,0.3466863292135127,0.48097478492146617,0.3128038098156101,0.32710694902872445,0.0,0.3249274525575059,0.29403794310391596,0.3816135485613516,0.33197646508704903,0.3010505839506992,0.32010314943283824,0.2754487400598042,0.36546548529068107,0.29234804872218223,0.3737281676794537,0.42132793638392274,0.3723382970753712,0.31852253444805695,0.31966222317672843,0.38123751480874424,0.30227809226974334,0.38526747940065936,0.3033573901624506,0.33397484566948676,0.3609665890593431,0.3055979918068039,0.3417198549030626,0.3362503376851347,0.37315643981713964,0.3333688527035926,0.3113930603817911,0.27238924447197355,0.2742058419128445,0.3334146411988837,0.2973802620923325,0.2901928459657852,0.28321170427154296,0.2722153004408919,0.36625286536487567,0.3874793940694671,0.3362840008126176,0.26868477831157705,0.34669652635002934,0.29653041843753214,0.3150505809695623,0.33504527971850095,0.3620823894611696,0.2731253113300469,0.3216944343852505,0.31018848756945655,0.28288645061776657,0.2824056003981159,0.2882078476661129,0.27725252825942576,0.33986084114672316,0.3230731319753115,0.3010937478215609,0.43596901315067843,0.3116035061996376,0.34082453661979834,0.3105807681265448,0.29014917729576806,0.27500384264306404,0.3895638873152193,0.276601798507575,0.3756111076049253,0.2840219177716607,0.3401677720574586,0.3344830265067599,0.3837071129438828,0.3266944972436906,0.3236537544815457,0.27100931159054137,0.40324334862192035,0.29194657047343436,0.3088201608742107,0.35965971619337866,0.2945955955662872,0.38110604555283273,0.3155058097691716,0.39432202912771874,0.33169887166501955,0.3090137366061669,0.20003603250170882,0.36764000864420904,0.28952291553977494,0.28268083585730047,0.2906514107906985,0.323542079665508,0.40346192391580105,0.2789718215874106,0.3339440618701521,0.26603144224478964,0.3291004393052005,0.2856057487177269,0.33242098760679323,0.3032251521443532,0.3757141925447119
0.329415178616464,0.32586482735444633,0.22967592386695804,0.2732227402192794,0.23819093245682152,0.23370973130130437,0.2545666514259724,0.30750476590229087,0.3115039085673093,0.29435125180945837,0.23856465607020064,0.22394295891281113,0.2953478991951554,0.43318920858907584,0.2731750309654123,0.26896462640227903,0.3057103597129511,0.36945608622566856,0.26456671221954403,0.36039055835841827,0.2905817527530122,0.2503186937147091,0.2547317893934831,0.24303336000921064,0.2788838818060342,0.256300353336549,0.2587962817778638,0.27834202002107356,0.2699390143015465,0.23028841900118774,0.3298838301798808,0.3038998333063653,0.28014079820078575,0.25869987564572905,0.4307558153475391,0.3536329915780209,0.2918106259458511,0.4084365957871614,0.26206583760569796,0.3162699374293535,0.32719943014907105,0.2363233308240779,0.31262486232317155,0.298189154943082,0.33239320582996024,0.3168818103830997,0.269662289976858,0.2602499697886253,0.33606040053216657,0.4070594534372892,0.32890380788749773,0.29148825743386375,0.3356557396281537,0.2921789482076018,0.3081053417944508,0.28054998309858975,0.3711229878495073,0.23229999087289083,0.46530982386941216,0.4107101455965097,0.3014925983716412,0.3057159698028571,0.2738127382599665,0.37329470231500367,0.3526030461902253,0.3162895828052849,0.31325490204048784,0.282193092377633,0.33916522051432285,0.2969333173818463,0.3249274525575059,0.0,0.31859762926873686,0.3224420139448092,0.31136648074063,0.328985569487924,0.2641675361314241,0.2678196624738029,0.3273500715738072,0.26812442205051246,0.2624118774617057,0.30775362559750635,0.29680752145047523,0.3452691300871329,0.35356578884096534,0.3579949685020843,0.27402424994647406,0.44418708313624045,0.3544234951146999,0.2832865393517706,0.2913269502761373,0.33040938569828265,0.347982052334305,0.33315827167135603,0.38184045678883094,0.2573012042399551,0.30944900388673896,0.2788655079664937,0.35212457304711897,0.38677000129273886,0.4290905037415442,0.25746395304080616,0.3000219982539103,0.265885475569106,0.4359714301505453,0.31900869484623856,0.30932954240115546,0.2696170642059011,0.32696486408956027,0.24712030382690722,0.24842521632486972,0.35288122154188994,0.30980689118698235,0.3267590830180087,0.38264418369546455,0.2879961490748126,0.31589355839976685,0.2801161646816936,0.2507274214333755,0.3146867591155814,0.3830979201525068,0.29636765152177563,0.298266331738549,0.3080254971479798,0.36474396676927306,0.27783007900806306,0.32059776061911543,0.2620206607824714,0.31911382154989015,0.41088304509585216,0.301863388219292,0.2641690059103222,0.348591549364431,0.31857994980080867,0.2962709934571769,0.30961996170934225,0.29037363953334583,0.3782304849765299,0.30185090611345927,0.3296138949737626,0.2914858822762343,0.32671178405173096,0.37015924401099237,0.3008806150305485,0.32982046414819377,0.30635404858795,0.26705709580635395,0.27382589323737244,0.3021374307623021,0.23180375810150564,0.3316294345745936,0.33505347976759503,0.2976030576556993,0.25290496394975576,0.26806363944181716,0.32259621013530937,0.24109206059693544,0.260754309691021,0.3501061519055069,0.3102365622637902,0.29201595131260377,0.4077336862939039,0.3139673006893232,0.28879751497567224
0.33823048866414307,0.2690549070890475,0.2531372862995107,0.2963565220307836,0.23216830957695891,0.27334149188906254,0.22609998185696675,0.3025660187819292,0.3631103460186962,0.2467238839385249,0.2891930647652662,0.2457986113322435,0.28440578324980365,0.34642621045201943,0.20796917722240899,0.28074430216227253,0.3046467498689607,0.29240671379267985,0.25773039293713385,0.32502116879340803,0.3172242353117074,0.2612248176957905,0.24775034047838604,0.2250640022422856,0.30884421454223426,0.29106488019209265,0.2734133494440278,0.3003634662118394,0.229356245411163,0.2417846025039739,0.27536139807335835,0.2996517339880527,0.23191706596025397,0.28719098455193304,0.3499922750389346,0.3196965093466206,0.28662931924749796,0.3695347734859258,0.24439755501031546,0.27461829883972766,0.25988998904927396,0.3525645942312808,0.24263887125186512,0.2906518760394636,0.2835527528637428,0.25132000834214885,0.22696529294647852,0.25536033235660677,0.27797013541722426,0.3074534039519039,0.28821819512431984,0.30130426846750274,0.2685827726720356,0.2626291845082895,0.26445307958768255,0.3383218404367024,0.313396372348566,0.3118863063429005,0.3042326138743459,0.278581129985329,0.29401496364232793,0.278307643680601,0.3009228414882984,0.3243217520313824,0.29075869448185615,0.31205357605665957,0.3667391323540482,0.2525074725101632,0.2847522418424782,0.31937143494027836,0.29403794310391596,0.31859762926873686,0.0,0.3044088983121775,0.3429273114774079,0.2857364071720883,0.26365911476334547,0.24709967958087528,0.28247141870663844,0.2702939371981722,0.2907379078691345,0.3378176746238593,0.24502562468883082,0.324617955087365,0.47839676780244456,0.3299115009281318,0.3813581318248934,0.3192841895490483,0.283719819437779,0.3201125912016197,0.3339321637194136,0.3162085004044117,0.2626764988895106,0.30959778279932826,0.43115513962821217,0.25479812806284746,0.2790348567420389,0.3302677776787257,0.3550729139794244,0.3156543858245597,0.3029205594755485,0.26830474678422567,0.3684221582077216,0.23722832426561075,0.4043652305920808,0.26076636496816513,0.27835151750186404,0.314545732365932,0.2453723124465742,0.2643856459103204,0.2890329111193164,0.43586471754298334,0.41196128734172294,0.40053628819511,0.2870664117854123,0.3025486379191148,0.3051050423267442,0.23618665499689934,0.31610600412470813,0.4036325874360264,0.3006627545199023,0.3198644731776894,0.4001456288037988,0.25976240501421677,0.40688906878466163,0.22812778174654982,0.3773645542957398,0.22544102002952193,0.2964289385987152,0.26187018542560553,0.3300630204710339,0.314270611608211,0.35504275890011217,0.43230999382165275,0.3009433399585098,0.2472096119646715,0.22538197123458542,0.26296699765515114,0.2648397020564903,0.27530821016598755,0.24393929020392144,0.3498897486341394,0.34459313302417754,0.41530612654325383,0.34707638367474003,0.3337516758234473,0.27092215820451543,0.21906217659246655,0.2990634464347231,0.271903109900377,0.3590787558816836,0.27033805650070936,0.28575554134010456,0.22398822918640113,0.29739015759810916,0.29806627665706187,0.24120259438678435,0.2585436998307702,0.28455406556040885,0.341201452223673,0.24261191659732792,0.39085998185544035,0.3527233039720531,0.36290243883547235
0.3548442798918051,0.35812554026261073,0.39460914976482475,0.40737131984389874,0.2720013557012878,0.3191705749556405,0.3287172635495841,0.3925460802111843,0.28542832165536675,0.3581474371514589,0.36958585892367674,0.3094334909665989,0.458942311747363,0.31334436208539723,0.3548031919508528,0.40522338525828255,0.4786617496493084,0.38204548284161677,0.3402401874256184,0.3290553739843694,0.45212867929266615,0.36045105772807295,0.3027109853984274,0.3189790467624758,0.35209485033274396,0.31764744577590975,0.28856162701086424,0.36070377145705634,0.307864194924533,0.3012824838426483,0.3312335119543689,0.4227455676675415,0.33628345951271643,0.2949608695767876,0.3182337250023356,0.3185327800864224,0.42528971810511984,0.38525844890586525,0.3460267759961184,0.4715148876141571,0.35109592543985846,0.3330267067477785,0.36004212576774497,0.3233761498217379,0.38925946114054544,0.40073633288447963,0.2658662647615733,0.30325302178361424,0.41547401754770147,0.37296523107705704,0.477475012759427,0.34688858316728294,0.27949588900778866,0.43352813412391117,0.3585420795862099,0.294998861682217,0.4350793316131952,0.34117288586481065,0.4123684008014243,0.41160012144705516,0.39642889653688196,0.2800201103780173,0.34976029998423225,0.24646099603195856,0.28824495390175725,0.33785661714598236,0.35947742988053827,0.33863230096271985,0.3492258436192751,0.39482434305499253,0.3816135485613516,0.3224420139448092,0.3044088983121775,0.0,0.4077172428823557,0.27524715744484535,0.43171492235776165,0.33948169461589744,0.33127104804744817,0.27028139450275845,0.31962099998101157,0.3485067874662376,0.3749102594782682,0.3440095682137135,0.3579485799111021,0.41989237913881794,0.32642802425777967,0.3552554202491218,0.34624107061703074,0.29036367804719937,0.3630503457755781,0.27277478906111025,0.36804013837181976,0.30626799511855396,0.3643927056661974,0.29335591378012527,0.26323685051860607,0.281484144935559,0.23659503462648726,0.40399714286835375,0.30970267015438435,0.3606556714086021,0.27559083073182483,0.2634902083243355,0.3324563996486606,0.3767188834284732,0.39123042197263824,0.32285073095417693,0.38912681755028417,0.3492344636666255,0.36183547539515776,0.30477344684675334,0.3600460877500566,0.3212722304279273,0.3437971036187692,0.38913636699908666,0.3237016247421831,0.32476343188725215,0.329760450957334,0.2757251629756341,0.3370377806613025,0.3022475544002201,0.2977974285089808,0.4157461500549736,0.2538476368247378,0.37044349417626343,0.31821880467760905,0.32526413716729413,0.3407028889787041,0.3489936353524398,0.3014880946077446,0.41255290543424333,0.3198026598615657,0.285402002421527,0.32832931886215183,0.2722690100796261,0.2877198765782134,0.35231963487399437,0.329565247258879,0.4308102523674709,0.2741465435196952,0.3238602197367073,0.39684919943481417,0.2939384852493598,0.3689091140830557,0.2903611009973327,0.34322316232852174,0.3722953236842426,0.32802409229871815,0.21945598362656482,0.3362579439596442,0.3051455717808907,0.372753194315085,0.3177550507570121,0.37568614020226104,0.3711239620431553,0.379171735181324,0.4017368406196316,0.2748473846006448,0.38796344768031105,0.30984637680709815,0.3102470519680944,0.2864290034987148,0.3713148636271908
0.36896776593989267,0.3400796554365021,0.3224525003766874,0.29627252814260724,0.23119846039968897,0.35119545803583246,0.22279657037427503,0.3961918829191692,0.3132021859722968,0.31590626743465366,0.296572729351409,0.26177955487756044,0.3921437791662841,0.31171792691826317,0.2713780100022445,0.37043392877953896,0.44495988023407196,0.3808349639165227,0.31793280174806116,0.3664254860304253,0.3639788878548953,0.3002238831438452,0.2395827448677171,0.22876672696108394,0.31710859368958366,0.251541335166067,0.27589160552095165,0.3573557361505914,0.24999080460356052,0.2739223953355568,0.324338857343998,0.4202645028219815,0.30695569370118886,0.27635508937527775,0.3121301949814864,0.31839424909099123,0.2895697626471904,0.41004114124468655,0.2767666554983013,0.2904054986318844,0.3083426461745473,0.31106090265614705,0.32876121437475103,0.28479251856428,0.3437463737837037,0.33081916633571073,0.27135524114848814,0.2530873183540779,0.2949659328531526,0.4040536974377122,0.3430728315696365,0.34296727798292914,0.3147548114713667,0.3152516507275835,0.28334592058039093,0.28978885899050416,0.38984249853303365,0.3310186810877741,0.34505061015720007,0.3691627449247191,0.38607529147917496,0.3029378816253386,0.3523452862963352,0.27058743345591585,0.31002065499135417,0.37026367197549925,0.2949460231960607,0.28231400451766403,0.40319353023348475,0.380367980033668,0.33197646508704903,0.31136648074063,0.3429273114774079,0.4077172428823557,0.0,0.29816728981235524,0.28942354281060145,0.2532866685608648,0.3541331485458053,0.2494537768539666,0.32413713496188695,0.3125534803754091,0.29549170725467716,0.41624289288247274,0.3532693328001811,0.3809496134626553,0.3049178588076126,0.34658641758860514,0.3825049087887991,0.2673200101482449,0.32491760172174144,0.26863965784098465,0.32369844500839373,0.3379032776137217,0.33341358644836694,0.25989540159698066,0.3180887284774864,0.29286861196732417,0.23983658912677203,0.3699754945325012,0.2641401729724106,0.305734901797987,0.25784460507475604,0.2552918180183986,0.3929968150064321,0.34602897193679966,0.43948370511702933,0.3470368513041286,0.3260646369590321,0.26433036137182037,0.28836817184546853,0.3058204521272058,0.375122778786564,0.3667349974564373,0.3373415902213444,0.33869029005420603,0.3526617283706839,0.27397656256994907,0.3013884088735815,0.3005890786416748,0.27601867533732366,0.3029200903122366,0.294932507002817,0.3027625223761553,0.2584161414861517,0.29546622248638255,0.3350474958720842,0.25261669574787976,0.32968330346928193,0.3331473281894356,0.3890074209421966,0.40160050677757597,0.27825119556551536,0.2983478973241922,0.31421730952074717,0.2632793866197723,0.28461125440116003,0.2799561740049654,0.28274584022489313,0.339932987675067,0.2760976436229968,0.3391532104930167,0.34376609699639465,0.3175526736958331,0.33166885605222646,0.2812279671142195,0.2869276585052959,0.319978209708187,0.33854287341864503,0.26638140420290457,0.2955615944885769,0.3353741759371644,0.3461890366750648,0.2479105392678519,0.32929991047497364,0.30744338455905323,0.2581738839643808,0.2944438057640964,0.22965998129669218,0.3213185885824362,0.3162773483811967,0.31321074614227723,0.26831121925091345,0.2843288969934687
0.33711691038780756,0.2742207009706292,0.20081918051576508,0.22984124353657026,0.19218339021254477,0.24305696989178016,0.24581201284858764,0.25814257055260853,0.26163950132788016,0.25591091147589956,0.22777783188698342,0.22817263846528135,0.2824483655624219,0.2872206772047216,0.2359957712313866,0.24593320889212084,0.2636952324407373,0.3289510252418161,0.28066758943539843,0.31780982246735057,0.2604316408112625,0.20823961262785257,0.24489065954742045,0.234298316727908,0.29613655673378014,0.23049991700166325,0.23511319098416222,0.27735220725495424,0.2341224855826411,0.25179260170604334,0.30999901784011585,0.33614518982427677,0.24329106791719116,0.28460730369337534,0.300568019492812,0.23750523855480402,0.2881305923559157,0.286297473568638,0.23764152235944083,0.27234909007252595,0.24979089089246112,0.23188990697995887,0.27743506290157777,0.2631994590082633,0.28548181918756316,0.3379656816652546,0.28345483576379793,0.22217378055173304,0.30508222000544444,0.27801914907303427,0.2950801022334946,0.2728500445057151,0.3319979417358059,0.23918782455989043,0.25085582310378013,0.2874867088610005,0.3346367883061641,0.21968341580068607,0.3097289616905414,0.3150287161595591,0.278400028807212,0.2703649661887317,0.2766690217480338,0.2252797247037752,0.32547868284567594,0.3854193476131093,0.30017117001564414,0.2777657828649923,0.2563272698015185,0.272220318578737,0.3010505839506992,0.328985569487924,0.2857364071720883,0.27524715744484535,0.29816728981235524,0.0,0.24284215392142766,0.24036806865739993,0.32243331512913337,0.30433913913761057,0.3208288584611618,0.2705834081765339,0.2612956621962234,0.29163742769685014,0.29441727839694803,0.2878533601282602,0.28199900783296233,0.3568205623506532,0.3945110766570801,0.27225280340147595,0.24884251620509043,0.2895802339217542,0.2725545264134776,0.49438041787347053,0.29507578753281904,0.2445214899397859,0.2845734477527902,0.2698141234738343,0.24809126330422474,0.3379526057759063,0.3111314899775865,0.2594185132755078,0.27262083645017177,0.24325861727932105,0.3234752368975009,0.2679693319752727,0.27922705783279644,0.24336283922807952,0.32599590228999703,0.25028414149488765,0.2780785364541608,0.27490101900430464,0.3057670295603266,0.2667100313696303,0.32537781051768305,0.24736164635553273,0.40601031627383954,0.2540819027086028,0.22080787970077217,0.25523236268790206,0.24613000287173592,0.26326573582829654,0.2886239964604766,0.3212483008419287,0.28782787229656337,0.2817798721923177,0.25916643144946117,0.22221557152074048,0.2428798879566168,0.2934726825957322,0.2756770840322661,0.23553881822576306,0.29618671471421976,0.26786631609917616,0.2488904075486323,0.3111862174599682,0.3057306435028351,0.2701718576819802,0.23237821311498927,0.3105189021608483,0.28633600500961937,0.2694678867913779,0.3326376477663729,0.24644919339270926,0.2989372499716144,0.2778343728567521,0.2222595198999814,0.29824284323567735,0.28401537629042334,0.18702795866474786,0.3308223608640365,0.366163779579975,0.23648957537032764,0.21260147558974107,0.25367704206968056,0.29829522672349024,0.24628785687724422,0.2459406224308025,0.27116167865880425,0.3194724811376586,0.33030955362889386,0.3889589687347939,0.28680234790654424,0.2608428733925158
0.2569648671840254,0.2666484530403742,0.2900293760436944,0.3417100326466109,0.259818840781994,0.26871643285219754,0.34936611136632106,0.3066685128073602,0.23772932493187662,0.2688942435852597,0.3754960409354786,0.31001821433753957,0.3303358436245911,0.2574689938636541,0.2751637193146624,0.3526412491704682,0.3498355604136144,0.26428811205039754,0.26976231610266405,0.25571404376304685,0.350613898509697,0.28689345111740217,0.28602124827091957,0.27891747473215617,0.2754856012274524,0.3240136672721311,0.27298593966952817,0.29057296905790553,0.253896388367861,0.2794177151565638,0.27207192813139525,0.3288745910525925,0.26810617362783884,0.3026598825540477,0.24362115417969027,0.277124192750129,0.3673396639450306,0.29630767327686514,0.38092126334034704,0.3295259173167599,0.26732607802343844,0.2893550399928167,0.309164608447698,0.3022347378054509,0.3100153097623952,0.30384262419476393,0.22573898537073395,0.3008747059455006,0.36431011009735437,0.2830224776786997,0.3733668339777242,0.27384373863344863,0.23103219698709357,0.34423345164840735,0.3617691607656598,0.2597678229190636,0.3228139650153281,0.32805916171794974,0.3080339488279668,0.3079862158110031,0.34737961837032083,0.2530023278504989,0.291961505771081,0.23889942005679848,0.24442247674238113,0.2695821690086092,0.35304742133656447,0.2916127066895265,0.26918686486703247,0.3012920444939326,0.32010314943283824,0.2641675361314241,0.26365911476334547,0.43171492235776165,0.28942354281060145,0.24284215392142766,0.0,0.35076235287486573,0.2683761541886459,0.2621869645398343,0.27957797457449723,0.2739890218817914,0.31361751571093477,0.27231631945145895,0.29310680893163377,0.2885887390566764,0.3096588393785112,0.2884701958607862,0.2823033965320418,0.2886873461817208,0.3152031363846776,0.24408016315150172,0.31538899832495,0.2760254641546875,0.30653762960608005,0.2629187356709086,0.2526618643622632,0.24501509808475763,0.22819246563145482,0.2936644244279785,0.2948090992133381,0.3711922447991481,0.25369914735638843,0.20959404873924642,0.2515353819852127,0.32781658674954134,0.323179803898086,0.26838723367192996,0.28514187084477255,0.3034806375703451,0.366092850339595,0.2776619254888774,0.2986460588312371,0.32690926030572737,0.2619455511934545,0.28683776703117675,0.25022414319080344,0.2983696532598791,0.2809178860119681,0.25866296480726575,0.32376699653831736,0.2945296823957603,0.24952773376005305,0.3651688701749393,0.2241924025951848,0.29702475520693283,0.2736543674094668,0.36319125737152674,0.27845583302149157,0.2880429578685474,0.24003182047129348,0.360989022865813,0.34036315535747,0.26482468010090426,0.2920216029815315,0.24592737014782096,0.25365035518678763,0.2654657557276943,0.26483799505638195,0.3286998256559816,0.2302015826818041,0.3076616532044076,0.29861149106951995,0.28095977108951586,0.34779789176397385,0.26344651548707965,0.3103754312789013,0.3197882296103843,0.24476655414081425,0.2176510748166624,0.3032158478029785,0.25280000374302625,0.32641249827195246,0.29368310920806306,0.3035749994813314,0.32400024343127554,0.3080403610726035,0.34688324366932505,0.23987955175532732,0.35618444196949,0.25115330110652373,0.2398549189722977,0.286152818778363,0.3235909197962585
0.2572433993101107,0.3196034696532025,0.29357416664729336,0.3091576683894446,0.37567550540453143,0.2629599585359719,0.37064329762875803,0.27455506931678864,0.23093859464371908,0.2961019380502316,0.32493057027560845,0.325031591531264,0.3033192010696174,0.2679742002903484,0.2935106669799487,0.3346069235313439,0.3155897745818438,0.2641661045964166,0.24419070096430848,0.24044770242901628,0.3438950850728326,0.2876037994785854,0.31597595655190713,0.31799899977917795,0.2988774659657306,0.36343067227266423,0.2852011820354862,0.2420632877588144,0.29851553866484704,0.29043730970663706,0.2905706912205209,0.2817056328939533,0.288367505029971,0.28025800280079566,0.26408536403049393,0.285930381808537,0.35605709664746876,0.28368726566155117,0.32069998619408074,0.33754270339952247,0.30492618613850125,0.2971214767513896,0.27429823184169316,0.3182851171972459,0.30977938391305304,0.28732363809448547,0.3070737945455827,0.31140537803452706,0.3391669418384844,0.2561064989141536,0.3295315530379341,0.2850464324834905,0.22846513150554193,0.3243074678945905,0.31866446504593493,0.28097918433689106,0.26523276752150676,0.3425610787953052,0.2870325659372099,0.2817317404227837,0.26327075532448163,0.22835821924106195,0.24502450146390134,0.24631834368753833,0.22166470296494462,0.21755308403619156,0.31053181033878857,0.3004972966901505,0.2554069181327518,0.28370878954106965,0.2754487400598042,0.2678196624738029,0.24709967958087528,0.33948169461589744,0.2532866685608648,0.24036806865739993,0.35076235287486573,0.0,0.2508678852578541,0.2885697383115203,0.2631427970035704,0.2698579965627239,0.3664162962484593,0.24319370816296304,0.28159306949766183,0.29479169160813234,0.2723753577245965,0.27062477578122573,0.27004121209331344,0.2905162547034782,0.3258487006430492,0.2869612257766857,0.3156725128594039,0.23133488394051274,0.28668218381594146,0.300154852481598,0.20722320616849738,0.2718170696211118,0.2462725791137894,0.2985591730346158,0.2890823223485492,0.2656549154259311,0.25615122875291396,0.2447861872128155,0.2412310631149936,0.30469109834571484,0.26055114855828754,0.28690800552079726,0.32789112464625875,0.323797786415515,0.3312633502101718,0.28796156836715275,0.2661645166222119,0.3024619321266855,0.265674871603003,0.308983890199192,0.25133339382389797,0.25356828303028833,0.2664448244173016,0.27860024740326905,0.3329442077004281,0.2722570606056448,0.2515229725722729,0.37568330779274156,0.2271357495000838,0.330979919795251,0.2463016222434794,0.37500560854533205,0.2803747672588938,0.28099925695374134,0.2543061367292523,0.27419383413889853,0.2587430821648185,0.2690021566989048,0.24416255206379822,0.2240717871977719,0.2841581635924575,0.3162882019053266,0.26849103790046813,0.30461965064524055,0.23287360361382678,0.3031324263637109,0.33065658122585484,0.2754187941218625,0.366631859677725,0.30936921889446595,0.3159688607686025,0.3250775700044617,0.2734355079329003,0.2151331015430661,0.25202840906638807,0.2766359971598894,0.27754934954115407,0.3217551054052974,0.32487385320914386,0.2799204063631707,0.25068959331968166,0.3677784731146568,0.2554977819635509,0.2876623684542922,0.2609109142679329,0.2639201028465288,0.26954152036339096,0.3202068989088689
0.33963725838044106,0.28140333153816494,0.24439748347454718,0.27967522729852695,0.21677731913124676,0.24688731913811673,0.2410981524980497,0.33439637028577424,0.273220023790793,0.2581805826662499,0.23960618002044407,0.24361653436030112,0.3114412977233651,0.2842840064692104,0.2865709618968651,0.2834048425941636,0.31992840519572197,0.37350710516651997,0.2820483042083789,0.3203344042267522,0.31299714946200197,0.23989016424401075,0.26905774521792586,0.23605630075636921,0.2821442667633874,0.34211552496033937,0.22721046349939253,0.284844330323375,0.225621787453381,0.22836518778778028,0.3087816985945617,0.2987403314461331,0.31196459394996345,0.2946344459271043,0.28971323675496835,0.30895658315993874,0.30455955116564215,0.3771413923553076,0.28408986650622503,0.2984986179618615,0.3250738320658716,0.23526851410888033,0.38272544413077336,0.2790723500776378,0.37098248804236306,0.44422252180213356,0.30686978580753194,0.25996102295475026,0.29720498411100255,0.3594580653236991,0.3581430030052075,0.3623266289346337,0.2998008479488376,0.29317588697881936,0.2819183724861558,0.27057354092705316,0.3760350342003426,0.26394823995610406,0.3164171593022787,0.3559884012857009,0.3080974159264719,0.334443083478753,0.35422850658517074,0.25590051657475976,0.3304208023356565,0.3961277792447195,0.30863077313573434,0.31287428742371187,0.3598163625927886,0.3073131340802222,0.36546548529068107,0.3273500715738072,0.28247141870663844,0.33127104804744817,0.3541331485458053,0.32243331512913337,0.2683761541886459,0.2508678852578541,0.0,0.24704050276613795,0.2999599584474781,0.32495580479336855,0.28436523419891135,0.388487283549325,0.3635849273212238,0.393106616391176,0.281660692594281,0.3588156464118381,0.36644617573434324,0.3025857081244377,0.3111793910234177,0.2823773373248,0.2969935549922879,0.34033631429322986,0.3415972504922237,0.2673740943556079,0.3134983181843208,0.28983403824572773,0.24711546313058358,0.3613138454358504,0.270397801313549,0.2946269813333507,0.3302814811448713,0.2794200643533846,0.3950746472020187,0.4255963817914878,0.3771044324562716,0.29762981244886155,0.39438813397256556,0.25648231460436516,0.25828532408761967,0.3418142117522189,0.3266909007567633,0.27791393510076007,0.4564446991075889,0.2867279896768977,0.3371246145331522,0.24129507264338135,0.25597348947182097,0.25998218243897686,0.2905494251734952,0.32945602023173376,0.3368784880414227,0.33423020281306104,0.25673892180604113,0.2969160114699016,0.290894207763126,0.2658938999632051,0.32889366132225295,0.38465844017056255,0.2592975869853246,0.27687305024843817,0.2809394112890073,0.27250953758389157,0.2892287519308004,0.28279303520610705,0.31119173675213746,0.32278317233858494,0.29627145856917336,0.33890373360707715,0.28750352266008405,0.26794382602946665,0.3414830162905456,0.268667840358617,0.3233260870932085,0.3529757509688811,0.2669898236647744,0.31366350294087597,0.3263309735072525,0.2158456071970201,0.3236424267292829,0.31073930006265127,0.26823708330680723,0.24852529696537656,0.31697872607317973,0.3405376335621412,0.22995591059902232,0.2745602862016343,0.24337194967447265,0.2876068654607173,0.31777413574174623,0.30716979545530343,0.2910683396765386,0.2631252372625013
0.2693437131571857,0.24508418597812204,0.22560364501285635,0.2156116699230969,0.21469747555288796,0.3011036153103063,0.23118184363642147,0.21898731117121742,0.22586568061566983,0.2391515283684111,0.23055712601981826,0.2143119353969616,0.2796932120320811,0.24804791052436817,0.2159817570624768,0.27833819524581055,0.28483174368016223,0.22960225315234942,0.22638658143535323,0.23760234898299323,0.26559885439380776,0.20894773757267338,0.20106847455184743,0.24283204526724572,0.2437369751365789,0.2644358720512109,0.19221346829872002,0.22575047791939648,0.246338467038768,0.2552476763882649,0.24430593303546502,0.309373909885249,0.21700991077376408,0.22929415018986696,0.23584035459483202,0.21324055933575736,0.28499171161281234,0.24975313850978226,0.23619371978313786,0.2557091468540721,0.23309810461440397,0.2455492549019241,0.25749162208608944,0.27804392473871364,0.22849127063381292,0.2507684010368359,0.28150246478076324,0.27734378513543356,0.23933699242229994,0.24646661612303505,0.30126105204433207,0.2797604799060735,0.23392204650125403,0.23873089521664662,0.23955143807755885,0.30468292502472016,0.28365201453773325,0.2348746259773637,0.2507320835515959,0.24861409723548075,0.2713932921470927,0.26931589744570905,0.24963817437697408,0.20048172782747084,0.2523269506210316,0.26891370388252267,0.2594365261366432,0.2955029488867636,0.21136084721644688,0.22741482435948313,0.29234804872218223,0.26812442205051246,0.2702939371981722,0.27028139450275845,0.2494537768539666,0.30433913913761057,0.2621869645398343,0.2885697383115203,0.24704050276613795,0.0,0.32559126951594075,0.2383851320204464,0.28523990254747333,0.2557261124034325,0.29023887248951713,0.2376717797455777,0.2587613720159835,0.27983417650714143,0.2703749852818701,0.24371706964482523,0.24913822622463563,0.24505814431788495,0.274091451365811,0.29198327770262006,0.27053231165015174,0.2299807137605075,0.23088443137832124,0.23737188834894069,0.24483703695763726,0.2779615365940349,0.2741866504947642,0.24756099510407176,0.2356871819774505,0.19553782482457197,0.2589894792115496,0.27393393611059264,0.27699324051496416,0.22930495664356082,0.2598181838722533,0.2814119842597514,0.2524125223305415,0.2509869168635255,0.33122718982072263,0.2480386542031999,0.25189116713025295,0.2717765970094554,0.2816009061372027,0.21466061205244585,0.25161112079987125,0.23893119988460065,0.27232016535481435,0.24824223396174083,0.3081407569480998,0.33361882162532447,0.3037463040071794,0.2653026658791713,0.28172308971016047,0.23092746729605793,0.23316753490490347,0.2371274040161627,0.2555382825381761,0.28908285589811983,0.2962766878733634,0.24197934535085888,0.2216150642585211,0.25645783056597193,0.26716897059891426,0.2384813734735307,0.18788545235561732,0.2598883345996442,0.209192472808282,0.27850620101860574,0.26595330691080826,0.2241049610704608,0.2772475474148102,0.23105875970677447,0.23115478226977015,0.278008371405791,0.23143626971083509,0.20242702882853825,0.2557438481900239,0.26221679747153337,0.20650214430463718,0.21693725559322163,0.2354596618107774,0.2545443710294341,0.2363215179835866,0.2920966402517965,0.24307933149298044,0.3546024488974369,0.2528155865021057,0.3324392706232251,0.2753116078028124,0.25877920750559813
0.30699396693806935,0.28097050874019897,0.2808394318193466,0.2480455458608363,0.22978151071457714,0.3506054077475845,0.2528123719921465,0.2693821716513046,0.24719030555319838,0.2846272518399062,0.2555910420504041,0.23725637665328714,0.31181896768150624,0.26247725152652984,0.2622852218855799,0.27173695986368995,0.3198510872327275,0.28031672611024083,0.26181662447810816,0.27401815124742807,0.34287801187612,0.2605265018503769,0.21282558390809628,0.25093979760666174,0.28578477044061473,0.26313750874142344,0.18896215485589876,0.24737679281040753,0.24854589765113227,0.23875663185571866,0.26634017032935586,0.32813792756483584,0.26208338645090423,0.23091984538477342,0.2637171320078358,0.2565851980442808,0.29683732279378333,0.2863677139004492,0.2391421331680548,0.2780546127389625,0.31300433104969383,0.31270521765337705,0.32970704408091056,0.32491852383492736,0.24918848055254386,0.304297487970125,0.3332148310197893,0.27258341336270564,0.2700822458217615,0.29233696209883553,0.348259086478922,0.34310769466105795,0.27511247834344005,0.28799613952615316,0.25009874264466564,0.3563550735680373,0.30710110247021816,0.2681628243287747,0.2982931634532263,0.2576742729150589,0.29990945276473935,0.31919892329213306,0.3959361225434295,0.22913121036472278,0.34228576412335554,0.34796363196942565,0.2636062498865285,0.33935328276058796,0.2637879838882057,0.2806131738976048,0.3737281676794537,0.2624118774617057,0.2907379078691345,0.31962099998101157,0.32413713496188695,0.3208288584611618,0.27957797457449723,0.2631427970035704,0.2999599584474781,0.32559126951594075,0.0,0.2855863727223793,0.3167653066500803,0.34997762266124294,0.30058250875100373,0.2940858897823152,0.28950898025361654,0.28298352859470516,0.30254369475343323,0.25147924211944994,0.27693806028294454,0.26670754442996936,0.2946995986162502,0.3325384156505232,0.2996600566617038,0.27155052936399054,0.3057479337140415,0.3004216673567879,0.2421930952104287,0.2895370767565936,0.2555089447822772,0.2721406811417049,0.2601595795503221,0.24548840934053476,0.2967162278871063,0.3148386614677813,0.3355789533312012,0.28213271884415714,0.3324824665031742,0.2856256722288585,0.29314337381893313,0.2688709263453927,0.34900039431515933,0.26281747386199805,0.31145348499356484,0.2781733122656657,0.3678899413740525,0.2308307739928242,0.339471844139018,0.25716636095395873,0.2637926272445061,0.28013656502656453,0.29210529745154684,0.34789411191576686,0.2760238002593128,0.28011637196165096,0.2973115939081099,0.22928123285779994,0.284401872589501,0.3065555192736468,0.29757042881300344,0.38102677002443436,0.23869618197294398,0.2653332159066789,0.2591428029080084,0.3968870953594603,0.30208810590394697,0.2602217326118045,0.21969058973002484,0.29608083868298296,0.3042268498132663,0.3102938752458496,0.2820539862796495,0.27766415834820835,0.3239148845982694,0.2549203521523381,0.2973845170821778,0.3879795105254159,0.2905010330197798,0.22930724641610498,0.27254324944311403,0.3498201091137079,0.228184005872634,0.26946911340375634,0.3064399910097029,0.28971909002360857,0.2348351414586213,0.33179387834250584,0.23539349639752008,0.30855328093534257,0.4118903664804204,0.3178066411919752,0.31610132524820506,0.2843334512342854
0.35802064804564543,0.30853289062991457,0.27179822539761805,0.33626435474393424,0.26930365164992953,0.28078838510532583,0.3017016568220773,0.3263048905537536,0.4287882517527502,0.2810957810500867,0.2568660332007788,0.2854224918905471,0.2589433290304525,0.2861178476627084,0.3269834684762054,0.2617849849217238,0.2699820284943852,0.32581570858991626,0.3331913232625158,0.3213787340292942,0.38502098206502106,0.3417705022513958,0.2604554422917547,0.2679563288452017,0.3341410103505467,0.2769589968823853,0.22932059228079013,0.2582149279186142,0.22830042284206856,0.25437874499828284,0.3803103970762193,0.2908378066320364,0.3203739700477601,0.2725958674902108,0.3238775243151851,0.3581771887740212,0.3076935843335128,0.3682091681351035,0.30922844575780434,0.3022325066114213,0.30687499033848964,0.3131941606877348,0.3296526722059139,0.30409740652105827,0.3173072991804175,0.29941214214525336,0.2596842990033406,0.2680889736107253,0.32106099533649923,0.34925504465410834,0.392276228372348,0.3202461075520325,0.2996914089051,0.34576543812005744,0.29575858205730876,0.3423927917765881,0.3550693373082878,0.29433091874868816,0.31727545317337147,0.3050921068058647,0.30067829925294653,0.30891416053638426,0.31125800144590576,0.2663121493561051,0.4018187216626815,0.3240487621739698,0.33018837576453586,0.32755019791881307,0.3039282400887715,0.35056785291052045,0.42132793638392274,0.30775362559750635,0.3378176746238593,0.3485067874662376,0.3125534803754091,0.2705834081765339,0.2739890218817914,0.2698579965627239,0.32495580479336855,0.2383851320204464,0.2855863727223793,0.0,0.30122240623760904,0.2708446094717378,0.39502928366778806,0.3580891188773053,0.3246989415108048,0.3799559728305182,0.29476463743615505,0.32288680611338433,0.34769015812707726,0.4009567617878961,0.2900255177582665,0.29876889830282044,0.4474708777269253,0.3104141737699292,0.3113606609434988,0.30652534587141733,0.32587925229421294,0.3255208958914303,0.29311906221064893,0.30972731316988833,0.35096703297685883,0.30230191375626064,0.3884250672398268,0.29627720946193914,0.30062171298817586,0.28071317624859227,0.2764118869985513,0.2652468652659006,0.30369011612793007,0.4031362149519256,0.3970084551257225,0.30871216529382056,0.30693772497398386,0.2783564540818113,0.28761890971960447,0.2865661178579337,0.2628084882734062,0.31119306127744095,0.3061348934412682,0.36894376502686815,0.31473014815319683,0.3256523792442466,0.35088766645413105,0.26364549193421855,0.3897279450560994,0.2550837221480075,0.2873579514064793,0.33203772402030146,0.2947425171182577,0.32051412282210795,0.2756293778717284,0.4463795955130806,0.3446976100530277,0.2752023845959123,0.2401143049607772,0.3256218235102055,0.2901970964165632,0.4180989374944931,0.27385568115843817,0.2936125361023757,0.47746775598000263,0.36613141044990105,0.3115060198256136,0.3876198461898719,0.4074583520253572,0.2698688929258993,0.3218690903521112,0.21121055883151396,0.40875775459361907,0.31181469999472305,0.3161623512301412,0.2618558451352962,0.3478016046382197,0.3855217454583593,0.2529448015106555,0.2888929915192158,0.28572327320619784,0.30936863025731,0.2630408472386453,0.345569054768703,0.3590312681383945,0.35550433956740013
0.3323643176006743,0.3871222187327932,0.33916193458966803,0.2691974390314438,0.29375492596416425,0.32382219788245253,0.319924469412774,0.3295938226292637,0.31472662850964306,0.35068874737658334,0.2926289432516077,0.2951669226072337,0.34330177729162725,0.29185652986223004,0.33359055422246453,0.35126768851492235,0.34727524038737273,0.3167441132646696,0.279591901530021,0.2948556661468204,0.38616608622178467,0.3507115886902797,0.2632450239724003,0.3304279050797242,0.3379065425665689,0.29253708068100326,0.2330335877216092,0.2634924089920182,0.28388496243401057,0.35819129469083016,0.3175554364600593,0.32707386603744043,0.30480473141022946,0.2426957009246162,0.28191911368637856,0.26804895126238926,0.3859098518085168,0.3087966921899359,0.2797859936572533,0.3298094823326411,0.29972413366101647,0.3184912271958297,0.3324144107812771,0.3349647253992991,0.3241277025075718,0.30368033755513557,0.34868649595163914,0.3106188108865656,0.34202068008997183,0.2956414088377688,0.3783820594847516,0.3315709070702419,0.26228229697385536,0.33200211179625766,0.28244701592695154,0.33736253136449024,0.32329220653612306,0.30572691093546783,0.33353235313528357,0.2997245922559729,0.3044271590434177,0.25611245159106893,0.29664618816982896,0.2220237074317048,0.2589662374421015,0.2658581285224728,0.28453061422653836,0.4641885493132151,0.29134910606675984,0.34270212557699714,0.3723382970753712,0.29680752145047523,0.24502562468883082,0.3749102594782682,0.29549170725467716,0.2612956621962234,0.31361751571093477,0.3664162962484593,0.28436523419891135,0.28523990254747333,0.3167653066500803,0.30122240623760904,0.0,0.2846907680451471,0.2760413953923253,0.3682492755213397,0.2776637492745037,0.30657651008201015,0.2940470954573573,0.3219268587642869,0.32361447000576304,0.27930422830812485,0.3523540468638078,0.2621293351410784,0.31856698817690887,0.34600226549818236,0.24427155995476763,0.2624139425341133,0.22123622750491778,0.3031422431967688,0.28417418696045843,0.2590446648124548,0.2420905300549808,0.26628688439495235,0.275995035133195,0.35069403163209023,0.28677208266731563,0.3123816206571256,0.3349206960592454,0.3616184886063384,0.30585438853441893,0.26000595655782094,0.29117560430346234,0.26217423810052376,0.2880253940430883,0.35024399745826057,0.2746141358350136,0.26987624416176387,0.2721105792296613,0.24362361904544885,0.31534675128198575,0.2552050311579269,0.25396321626595536,0.4984278986170715,0.24699270216146163,0.3499432243849275,0.25086408855814485,0.3323269012192686,0.27804353559301914,0.3040312215228453,0.3186588321294548,0.32976152753209514,0.25317064417698143,0.2638168703608838,0.26084149921398164,0.278328422356458,0.37378899065932814,0.29707302505606875,0.27193799280882036,0.33191836388697266,0.2702736819018758,0.3072967508746861,0.3547127243459438,0.2653943636998502,0.34119600587128524,0.2898270578836209,0.39135251833050283,0.37711319564049495,0.34137955239248086,0.18792654276701956,0.2635593346245406,0.3147781714440873,0.27419397466487516,0.3506097583644423,0.3228832783866924,0.34342922715170693,0.2852306152386318,0.4687209450456904,0.2550142253774748,0.30836519101739235,0.2780146672182132,0.29736467829451657,0.25454938928990367,0.32241379721396274
0.3379655346339309,0.3071500485445016,0.2843970312426002,0.27540753066515256,0.2054957186624694,0.3067983695886846,0.21440069031395217,0.34979602000532783,0.2569622927593161,0.3012949760826191,0.27016788425518656,0.21932623604511114,0.4159109181530019,0.34426059228398126,0.24945280189848065,0.31962996468602095,0.33636202674855226,0.3422949680414494,0.26237540835276213,0.3411428659418709,0.2913407760063316,0.25555012009656486,0.24692532292060548,0.23152819025206764,0.3070327618717211,0.2943891160577526,0.24432123542786865,0.3123487352294677,0.2643108619496945,0.21915932787163608,0.28379019031938085,0.33725590677634937,0.28011394650227284,0.26671683711366373,0.33537528317829884,0.3292652564330724,0.31728756947174225,0.41533656984247186,0.23419827261484963,0.27440299751397,0.30946129879653295,0.24768082201502575,0.3130721491962019,0.2717840524680172,0.3550188824614162,0.32044454574998094,0.2833920299329139,0.26631085599977605,0.29992000944595953,0.3428261491648175,0.2935355132865592,0.3226308548580795,0.2773378090964872,0.27914202264154153,0.28307753840433625,0.31140377566084365,0.31866121176987683,0.2583814352281787,0.3271027649238834,0.34550131191231265,0.38295175156638855,0.3191938249527858,0.3419396410499883,0.29321512182655823,0.2640190800203223,0.32639979436676775,0.3026699075428177,0.31177955874801805,0.3882131703542243,0.3463929147692506,0.31852253444805695,0.3452691300871329,0.324617955087365,0.3440095682137135,0.41624289288247274,0.29163742769685014,0.27231631945145895,0.24319370816296304,0.388487283549325,0.2557261124034325,0.34997762266124294,0.2708446094717378,0.2846907680451471,0.0,0.31788257062315317,0.4242401902819573,0.3119636716465847,0.31601113473496345,0.3738331131813255,0.2868668798214564,0.2647615311762328,0.24861588350733504,0.3003305009933817,0.302279613041549,0.31462370299186027,0.26670322583648787,0.3080181838115758,0.2999265516770243,0.2571941012637893,0.3643271949635448,0.3184620520986224,0.2581575764455767,0.2626558499155274,0.25826306301712354,0.3894803026576666,0.34318005898087844,0.35156408670212413,0.31660892148163583,0.30877161397839403,0.2519099738905492,0.23973511402261377,0.29333878608018965,0.36653435784716804,0.2959900633780201,0.39659963887035704,0.3059256984611122,0.33272451192030855,0.2391461285343019,0.3147382661892266,0.3007301185088618,0.2702119047167945,0.32052868567103665,0.3109360388045585,0.2816269449247412,0.2802804565178908,0.2864500830612524,0.31812165366577316,0.24788494028717725,0.3568672329604189,0.35289132169935056,0.32079951803842566,0.3213605449453464,0.3415459401877338,0.29278748476316646,0.28839773075137637,0.276562362582295,0.29283072902930946,0.2853423629898573,0.27641776963655496,0.2872693188437405,0.31117035541477844,0.31206788930173107,0.28623354446823057,0.2864725285522584,0.31820596918368066,0.2700878183616204,0.2554338741994714,0.2935241963970191,0.32389320117431847,0.24924888448896101,0.28685158698751184,0.306070999862251,0.25706846344495815,0.23700848319910847,0.2857241269838482,0.3207999987246519,0.250818467814637,0.28625715185335215,0.2582902934180097,0.30573857731508375,0.3523396150737949,0.32578495485468856,0.2660125963491861,0.25846933102856506
0.33412838723590055,0.2898352711066501,0.2499380902603653,0.3350078588225353,0.2409576735955642,0.27478026338123945,0.25748273096544944,0.34010325690742493,0.34110913980400137,0.2766366817316618,0.25636884914110397,0.28410505921601226,0.28631444091716174,0.3071797326047805,0.2437253333161805,0.3029995939026825,0.3471909854765656,0.32685834270374353,0.3271889414737269,0.3214251997973599,0.3990598002107217,0.25156644417997887,0.2853539599792837,0.24621813373909388,0.3556752881747502,0.3120885978148247,0.25739706359287523,0.28719191374666186,0.23716076321197846,0.2738996300439799,0.3031297205420406,0.3441211881380667,0.2694958812335273,0.3150758716078341,0.33319123525624783,0.36889545226281545,0.2998073552111274,0.40971210278484865,0.27689254731659185,0.34285935585677746,0.3025888551933085,0.3315996324062596,0.3137688299636341,0.31311110163501427,0.3358093713845847,0.328573383520979,0.2722752103571269,0.26386090814630864,0.34470963915253255,0.36911583103313184,0.35256868984342754,0.351027220212556,0.30860269557725706,0.3005011228157984,0.307899087739507,0.3450285237057375,0.3989870081106383,0.328958996160359,0.33689524195182047,0.3414403128658082,0.29363015810404414,0.33887453327769773,0.3323498116339048,0.31758464690040844,0.3628248659940218,0.3701051886246987,0.33857547419074374,0.2572671411981914,0.31077003333467473,0.31748933734793316,0.31966222317672843,0.35356578884096534,0.47839676780244456,0.3579485799111021,0.3532693328001811,0.29441727839694803,0.29310680893163377,0.28159306949766183,0.3635849273212238,0.29023887248951713,0.30058250875100373,0.39502928366778806,0.2760413953923253,0.31788257062315317,0.0,0.3822925862392406,0.36551883308701677,0.37079833911955024,0.3256604477743882,0.3067170839701428,0.3618654167182141,0.362516884261816,0.30028000811998673,0.3403491482151336,0.5007852792565538,0.2621325767644046,0.29094728698688294,0.3643827500403207,0.3699601689546499,0.34702992363990526,0.30027715499868873,0.33670090189409235,0.4053904832765958,0.27519134218538555,0.4269545329626369,0.3294141092670847,0.364524588148728,0.33156114673295856,0.31358325799999465,0.2798340198610924,0.3040819927536832,0.5564461664721718,0.41540507630140855,0.36690189860965744,0.3635867891945324,0.3235184286196523,0.3672309709749911,0.2772545225039769,0.32528373349791995,0.33385912615215496,0.3578539760798773,0.362671287312037,0.4359767082434498,0.29567603698033773,0.3690406670939108,0.24916851959126946,0.4496600866411642,0.2560253403295412,0.3572981429872711,0.30679692912983325,0.3283523894487199,0.3342389785336939,0.3277074493301954,0.3680219250383491,0.30471349315548335,0.2598764742464124,0.24902203895959488,0.3306125068529194,0.29790930682789823,0.3489682063059731,0.23434381609202004,0.377445451441529,0.42245912553937787,0.39719968010782114,0.35840016008417364,0.4078782073259332,0.30803811712612,0.2647422356578682,0.35179285869925137,0.2950363868736935,0.3762375704777123,0.31713092244992813,0.31186544735848987,0.26305384743415533,0.38173700783594305,0.3166638067166097,0.24013212266813216,0.28649842183421936,0.2727199968607365,0.38809644368705837,0.2692742970037557,0.38642644820495886,0.3895639591817726,0.3225961612759658
0.3931944263515325,0.4189325469554946,0.35300633125771097,0.30933850467551255,0.25028202178486725,0.30590628171313977,0.2822662545850623,0.4342023396759551,0.3518670513428016,0.35115988723850544,0.2827388098852845,0.2925920367520536,0.3825598256198254,0.35525703315004004,0.30660793729397307,0.34669612756792234,0.3749563334391309,0.38202237107191633,0.32230086316389417,0.3734889077570607,0.3706350571122189,0.3361025574063506,0.32124971222284626,0.2924399381351469,0.3774188900520311,0.31995231410304587,0.2880576479482579,0.34122047151392115,0.2720970771578652,0.28043261357453864,0.3606723758064699,0.35631215651316944,0.3305860183569093,0.31449041713133363,0.37293511003321433,0.3670995025125465,0.363465156985598,0.4788405705385195,0.27032408337014524,0.37313526721772483,0.36100230049015186,0.31794833945353884,0.3089778413597864,0.2972747491632563,0.4816689466706571,0.37978093515120076,0.34095744264239913,0.2660867502271353,0.3865314843788434,0.3938466131580305,0.35488207985468767,0.37517447112000624,0.28817081692859714,0.33233233082847874,0.3090944704040559,0.3676362586904438,0.3848463466190676,0.30050615043946627,0.36182054435612965,0.4012239970064251,0.32650082490039345,0.2864457942022857,0.335591086717155,0.3026697101064416,0.28078571185537743,0.3149786994006978,0.3345590765845202,0.3567017294667319,0.38588829705416516,0.3759693115842849,0.38123751480874424,0.3579949685020843,0.3299115009281318,0.41989237913881794,0.3809496134626553,0.2878533601282602,0.2885887390566764,0.29479169160813234,0.393106616391176,0.2376717797455777,0.2940858897823152,0.3580891188773053,0.3682492755213397,0.4242401902819573,0.3822925862392406,0.0,0.3101538767135806,0.33327139469485906,0.3673505348880289,0.37939824446914633,0.3294957753194238,0.3244596955015816,0.3269960580295642,0.30801654843817206,0.3917103641431172,0.3275090588084674,0.2865777693970412,0.37883842672966567,0.2746242823858556,0.4030270762821026,0.30145943765759026,0.2754870030671677,0.2970386963145859,0.3261940080103239,0.3883141510201395,0.4099511966359541,0.324227754575418,0.36811961752627226,0.357493997423843,0.31710509799129344,0.28665257571706027,0.3663694207533954,0.3680845558711749,0.30562858204629695,0.39042424958022925,0.4082362290358429,0.33318764499547326,0.28072583961073416,0.30855014895570443,0.3067758492920025,0.3283500392220538,0.31946427470358146,0.3549236053214753,0.3724676104870191,0.29350650542485424,0.3219714153625222,0.3322590871648999,0.3009689847822349,0.379877039105165,0.385553203586733,0.3658008784545913,0.3441118951440073,0.2976845525496833,0.3291732994063011,0.307962791951618,0.27088364317710567,0.31078040735747775,0.36584463118336336,0.3444134948405456,0.3521127243777783,0.2663724276345394,0.3210179896338771,0.39951581818635895,0.3304351712619429,0.3523747558849256,0.38341404402062246,0.36366094691985895,0.2874691458953998,0.4343952120596168,0.24446539119319322,0.3190634049516544,0.29159622996887846,0.31630914432032364,0.3090589574104086,0.36780773425432534,0.3871691064644794,0.3121980978168558,0.3482442366561733,0.2688204077858068,0.32182564596104746,0.30907533582493124,0.341098928677215,0.28595936946605893,0.3134059129066554
0.3144650720849579,0.2737000043401522,0.23790998813139635,0.3119655802149008,0.23484823465026358,0.298411985968635,0.2521756329034949,0.3786711465228636,0.3079563019550111,0.2735841490769353,0.2927108046568423,0.2622610374636599,0.3115997699337542,0.2744697762647992,0.2350773630334631,0.28211655222549487,0.26460050617269026,0.2706697272485398,0.27995820632924023,0.30591179976520977,0.3190167482164118,0.2473856496375366,0.2605958047024384,0.23394520875809663,0.3532986696224646,0.28091389219836255,0.2563926026279487,0.2702299731696212,0.23004957560594055,0.2549957303848025,0.33148178142232765,0.3229163646880778,0.24841660587120326,0.29101070310677385,0.3144157483961775,0.29068935003063767,0.39729962929972923,0.32134266569546577,0.270366126428353,0.277457489795312,0.23602873719308867,0.329514695163032,0.28616249595649496,0.29743045966388826,0.32525658281347375,0.2600801313384751,0.22603502331355874,0.30620681491446017,0.30690237031545325,0.26961066517036053,0.2986757199559864,0.25809042432861273,0.23034733662627677,0.2775664316110586,0.2784124185215706,0.3320619108344609,0.2835271567001622,0.3305799218192622,0.28561438476005585,0.264807711025578,0.3721962508838587,0.25793772886592026,0.2798589937682512,0.25216329125673487,0.2536302505806109,0.28725147067194706,0.39304841901111937,0.28127163749934425,0.27157259330737554,0.42561066639334455,0.30227809226974334,0.27402424994647406,0.3813581318248934,0.32642802425777967,0.3049178588076126,0.28199900783296233,0.3096588393785112,0.2723753577245965,0.281660692594281,0.2587613720159835,0.28950898025361654,0.3246989415108048,0.2776637492745037,0.3119636716465847,0.36551883308701677,0.3101538767135806,0.0,0.3196313112332731,0.29174194517569724,0.3040829798736586,0.3046100059388928,0.3112511815900398,0.24775805232014206,0.25915130238182593,0.3212954861122562,0.28177240455978186,0.2723533313647147,0.31700713599026337,0.2819020195207289,0.2915634148095945,0.2952958225617561,0.35078874135289356,0.3254037273440481,0.24732493638470143,0.31548439576889015,0.25909812943923877,0.27588049335249876,0.3117998127403051,0.2568095420642405,0.28794188954167194,0.29634193166197764,0.3201276059230233,0.4069319198140574,0.349912042201075,0.262346183090432,0.24589954854134635,0.31638017351922865,0.25177513090863113,0.2701684806905644,0.29649281215960666,0.2555647823800453,0.36035830365630733,0.35500207174968296,0.28619857286006956,0.33086362483124143,0.2633436065054296,0.28134709449118767,0.2740248845942655,0.2720245788123809,0.26946802402297526,0.3032518806554991,0.3060856580545959,0.36879816058172804,0.32155363237558054,0.33289100394059074,0.23418774490142377,0.23723547782678134,0.26791321634971166,0.28174461487429936,0.3383315845641471,0.25389485692768043,0.3303211317496553,0.3332221435959864,0.3211133889706517,0.3531308220063663,0.3325878073280536,0.28576461391601393,0.24209321512650375,0.3156261240877203,0.2278869618380494,0.37756249853847207,0.2838561781675931,0.2630250797953631,0.23251803274680435,0.3229903632951529,0.38629191526494544,0.2614149356159996,0.29484714068505063,0.26625979274429656,0.29369292217432685,0.24614352150464647,0.3716725552925826,0.32602164499938485,0.31265740433923844
0.3815729626071346,0.293794287622753,0.23353717604451057,0.3153610314877877,0.24159637518748886,0.2623536883341007,0.2690072129047462,0.32741909712818135,0.3590221136319929,0.2897732294366311,0.25688434847548264,0.2653049104223619,0.31422279445960877,0.3486187759895856,0.3005550667080725,0.2875655773832586,0.305870067538009,0.3753370097213509,0.31721501579748884,0.37100340935316667,0.3085021235699955,0.25306063090403336,0.267793906473907,0.22945402291106504,0.3210915581478512,0.25241062857912394,0.28386369039442966,0.2848604489208195,0.2530665548352934,0.28746984966989564,0.38074409054380554,0.362387832706316,0.30402357626217774,0.2610213030490108,0.33687172498925266,0.33521018916503365,0.32102189822592647,0.4046772806583683,0.30020059198410626,0.3036844688803401,0.31575492261871907,0.25059890154961373,0.3788368666524898,0.29051439133853285,0.3152558306231132,0.3521880787189063,0.2812491121233676,0.26078030166450517,0.32772117575729903,0.4244065774509192,0.4550724597912703,0.2914843048700934,0.3552378235867626,0.3125460527918615,0.3204460428126233,0.2811849334980797,0.45709656239617985,0.2792672324460792,0.43937830948208195,0.4094438547051276,0.33581665463660115,0.34318780685846473,0.3047755455071956,0.29621552342662194,0.36304191828722365,0.34643678827102775,0.33050010668255486,0.31148674413558597,0.3574442084050106,0.3310118086042777,0.38526747940065936,0.44418708313624045,0.3192841895490483,0.3552554202491218,0.34658641758860514,0.3568205623506532,0.2884701958607862,0.27062477578122573,0.3588156464118381,0.27983417650714143,0.28298352859470516,0.3799559728305182,0.30657651008201015,0.31601113473496345,0.37079833911955024,0.33327139469485906,0.3196313112332731,0.0,0.4007634898429028,0.2726387448925539,0.3422777070520383,0.3581046544753634,0.386829485098461,0.3534274857356194,0.3804563579943469,0.2686755824788545,0.32767888645756804,0.26444708598777317,0.3289382344647328,0.36106462996907845,0.35941503075856385,0.321663757574494,0.35575707417121244,0.28322735135436017,0.49816327050548354,0.31490725614026355,0.3717731611908556,0.2561922027957225,0.32841231516304403,0.23705375691295086,0.27628147973497996,0.38959991449770826,0.36178825268737125,0.3945487799823418,0.3360559689994581,0.2629563863717754,0.34366347885333826,0.3004226661382278,0.23617347139503053,0.29942793567722037,0.30953473910344254,0.37179441687430803,0.2815421599871918,0.3438898347229227,0.3374821615810355,0.2986187949178117,0.3473575833793347,0.26087174749175185,0.2664865077529288,0.3848574028692503,0.3001256416512889,0.3017878060924278,0.3585672234597932,0.32138257749833077,0.2870628163216747,0.28264264208678175,0.28606350194545743,0.31132225100825844,0.29375664059746115,0.49062540202507043,0.3094751286465797,0.3125205245062395,0.4283855896532597,0.36309753753740165,0.3278373252138752,0.333086923197985,0.3016521634189353,0.299007923498955,0.31249320743922676,0.21345892843218683,0.39120974036501255,0.4017330251423371,0.3211540942409541,0.24617234747222166,0.2842139193013946,0.34756099052280826,0.25110749968539986,0.26248573054206803,0.3255628558273593,0.35959353942494826,0.27445990088222916,0.4169915127549111,0.36050318466189396,0.29007269995324847
0.36005809669448313,0.2938083033662295,0.24859235735749857,0.28195630573738306,0.20863863372459662,0.2864466684384936,0.2568128524882867,0.36727994613094705,0.2859328694800055,0.3138888046482229,0.23810476399590058,0.2739249873947208,0.3606006331749184,0.2963644732859275,0.27441935416509644,0.31118951604787903,0.3272840642344893,0.3777559518343517,0.2986813486761034,0.33054731162977297,0.29318418448830147,0.23126038298635831,0.27927144228061607,0.23539313352838148,0.32946117644863365,0.24901695272726856,0.30426860223334,0.3342043684685696,0.23274472514333744,0.2647152301706268,0.33668763046685446,0.38837192029333034,0.27593121221521666,0.3240845522948909,0.3226225057819173,0.28270398426462096,0.3153108197227468,0.3587693333738748,0.25473458900839013,0.3083731121172411,0.27063378715322267,0.24678845334670407,0.3117090727096243,0.2489623668480577,0.35719425326958887,0.41476279297668284,0.32192124091368296,0.23216825198869886,0.32246127525078194,0.329393177486238,0.3473665615970561,0.30232197427082297,0.30079614071362015,0.2634277401387028,0.2884039746578999,0.30189679022325433,0.3671846046451327,0.26532215859922476,0.3361615706299585,0.3866707682597592,0.32708640422365515,0.30633419840540993,0.30474000053648875,0.25670102382052373,0.2957751830218071,0.3447553798259445,0.30129868802047005,0.290780125121207,0.30395091902319343,0.33394878313461385,0.3033573901624506,0.3544234951146999,0.283719819437779,0.34624107061703074,0.3825049087887991,0.3945110766570801,0.2823033965320418,0.27004121209331344,0.36644617573434324,0.2703749852818701,0.30254369475343323,0.29476463743615505,0.2940470954573573,0.3738331131813255,0.3256604477743882,0.3673505348880289,0.29174194517569724,0.4007634898429028,0.0,0.27480929749965277,0.27458708224535405,0.31192521147912605,0.3085222821378931,0.35945873862349254,0.30007747523389144,0.25210968126723476,0.2983546755084478,0.3078628947806238,0.24747284188878552,0.47330407002816066,0.2960962943812381,0.2842100366319933,0.2864669931694288,0.27579264217008626,0.37739892641893286,0.3798991493835209,0.3590112977223102,0.2981475046748341,0.357501561508211,0.2543600135445641,0.265828624135397,0.28659804784421605,0.3258502646716443,0.3386253075512147,0.3821240128341548,0.30971205467498397,0.42713656035751746,0.271621966751291,0.2429174456032616,0.2953139369758743,0.2549378151176105,0.3085097390549609,0.27122541092883057,0.3474540742785357,0.2543678298927021,0.29652960195818057,0.29434134634851106,0.2581805182068573,0.2902970314311444,0.32498008733043493,0.3312997080634033,0.27236538881407485,0.3237332821326101,0.2580513673174744,0.25138167699902136,0.2555192621988498,0.3187077866903745,0.3004645187209115,0.27259129905897245,0.34234862953851064,0.28256368345434507,0.2678098973538294,0.362720334144961,0.26440803595941853,0.2904039884547543,0.31037901646061855,0.26099203233233625,0.34714574944187554,0.3116588165154136,0.21273104672562979,0.3209200912601751,0.3532378162817157,0.2720760121291238,0.23928069586727696,0.31292142871421885,0.31042165977770436,0.2568351135521166,0.301658688904669,0.2592570827610284,0.34144606084930174,0.31195721733688114,0.32694279523760456,0.2854710005385045,0.252397747663043
0.2958549544306883,0.32153369561148604,0.24285414065364988,0.2818140768461502,0.23259335947615883,0.259349299761783,0.2776186981765732,0.2966848361217864,0.3455527696951192,0.26449070486909654,0.2645907020519604,0.2722289610638067,0.29037150347790935,0.30504763671095547,0.25810001802886084,0.25804958451481613,0.24802390122600151,0.2714434638607811,0.22016184334523006,0.2723564779762159,0.27269638005426744,0.282833147018167,0.2636568073357577,0.25816369185757365,0.2940132443208691,0.31462442987840616,0.2636426124974412,0.23641890834146756,0.2313360776970812,0.24001050408627309,0.3044023492610036,0.2673682632473779,0.2725736229878593,0.3017669815471083,0.28663091816989517,0.2990744454270516,0.32435730962691545,0.33107468946580143,0.2895582021373144,0.2730438205127213,0.2548642256576771,0.31781576087595664,0.22866485354676858,0.2803867192087364,0.3454788093051393,0.2980024058364683,0.2488664987557481,0.24792536281541366,0.2796326469850111,0.2690404743736839,0.27406907571620415,0.26001131823876816,0.24557363069356788,0.2777574196332937,0.2730868938001726,0.4083499077387945,0.2715127826868478,0.24984468778288124,0.2688503698733492,0.2898938184666968,0.2853377974157855,0.2637666741882819,0.23114317304119822,0.2508983267046958,0.25321351551579024,0.27928401172139883,0.4496245340582687,0.3275200150446588,0.2568458936877219,0.2817701600994236,0.33397484566948676,0.2832865393517706,0.3201125912016197,0.29036367804719937,0.2673200101482449,0.27225280340147595,0.2886873461817208,0.2905162547034782,0.3025857081244377,0.24371706964482523,0.25147924211944994,0.32288680611338433,0.3219268587642869,0.2868668798214564,0.3067170839701428,0.37939824446914633,0.3040829798736586,0.2726387448925539,0.27480929749965277,0.0,0.2803095542251652,0.32738225219294825,0.24248714770955565,0.27288398559530674,0.34876394193811083,0.34716050687167666,0.25916929844161646,0.30230226369799806,0.27118236528141215,0.31943649590696865,0.33539059469558297,0.2582002391171733,0.29200178018111683,0.2387642143983952,0.28220277806464095,0.3001012231494653,0.25208852502520135,0.29044261496654783,0.27442149855241144,0.30534980002482565,0.2783194500737765,0.33578676975372895,0.33976584724599085,0.30420711189355526,0.2790846532909065,0.28207112094921155,0.23855357018839868,0.22204823586657846,0.24541813799445902,0.29700250573838366,0.29067401245990776,0.290435895447004,0.31592093685387085,0.30934633339771594,0.2934282945718995,0.26698501317811074,0.2983908102332697,0.31927127754575846,0.27671042882956726,0.28973054971973766,0.3127414146056846,0.25415671818664426,0.3152005467549741,0.3614190839887887,0.3087061626221464,0.2531162071705922,0.2705537704528242,0.2768873971782165,0.2630364235074534,0.2903119751773982,0.24480074190856185,0.29959689664148803,0.3384582017624407,0.29969428400338943,0.3684473797008128,0.34151320710875754,0.315240797182691,0.26230163814478086,0.27954766628347666,0.21537876912368414,0.29683698235526773,0.23712593024059186,0.25685650749862216,0.293178241060041,0.297644050083614,0.39600745974745744,0.25983317822622237,0.31129290064260623,0.25829921145926366,0.27216761801584555,0.24651956176943746,0.2865469022514427,0.3126586620291899,0.30848402097164784
0.35557351672786064,0.2778620165389383,0.29348492279648586,0.31832938741619315,0.37085633304076737,0.2822518664224832,0.323040667454439,0.2919861193493233,0.32595943904315045,0.2618905136162018,0.37299323409098883,0.32356237597859083,0.2898150119456467,0.29257469491834676,0.28195744475343243,0.34496324766670117,0.36679676159619756,0.34306290694849456,0.2896960957510608,0.277911730340917,0.398871381264949,0.3252733272575843,0.2978515922839078,0.26476929731002746,0.31269823738782976,0.33358700618947784,0.27608224470051945,0.2721660053026543,0.27426707159655644,0.3444993320386296,0.2955085028313906,0.29858561550826496,0.29157495768710123,0.26382915303787396,0.3367237049886333,0.3620072520539038,0.3534131429295159,0.3960013031895999,0.30712984131598425,0.3245280749438591,0.33403128729194836,0.3313769225133541,0.326485809208765,0.38721790074274864,0.2814474467850606,0.30349008852978376,0.2892663557041869,0.3277702212186997,0.33799263122179496,0.36740994905123137,0.4239174221212373,0.3610449786200609,0.27658094693102425,0.3420169959933053,0.3241015054043145,0.2816326570305409,0.36128643590247705,0.4385730178649708,0.29325677191793453,0.3193915762184371,0.25048123004871486,0.27740704131393684,0.3387915485343273,0.28374029935765605,0.2710052494745071,0.2690850386261778,0.2986068181647405,0.30378617064769825,0.31096482141048476,0.3447204620725285,0.3609665890593431,0.2913269502761373,0.3339321637194136,0.3630503457755781,0.32491760172174144,0.24884251620509043,0.3152031363846776,0.3258487006430492,0.3111793910234177,0.24913822622463563,0.27693806028294454,0.34769015812707726,0.32361447000576304,0.2647615311762328,0.3618654167182141,0.3294957753194238,0.3046100059388928,0.3422777070520383,0.27458708224535405,0.2803095542251652,0.0,0.3291207481699041,0.36552529332449946,0.2673967739876686,0.37526736575704106,0.3059305808965316,0.2250731185888652,0.2757305546699785,0.28141395445488976,0.29092567834444355,0.264204020319778,0.2831974437645801,0.36061239409749946,0.27145103801477716,0.3405353226738768,0.3265627240576639,0.29399409210952226,0.32602295235053164,0.3208567461225177,0.294246019710259,0.3477791994885524,0.380889255201065,0.3265832539993084,0.3493001008970362,0.3102192783635081,0.34557599582842263,0.26696475195255165,0.29378204910762434,0.31404869219350023,0.3421173164526447,0.4139338716771601,0.3448024685813829,0.30134166428473635,0.35840722042776935,0.2730936900074197,0.29791251109225053,0.31180135593246344,0.2996585373764576,0.29067160488316746,0.298670828914473,0.277517814604423,0.33366365745642185,0.27757877624082145,0.33788472360722793,0.28773743066382534,0.25137490957018377,0.2627882087848745,0.3345825386381727,0.2892864897075725,0.36907029286927445,0.23959645791717718,0.33448982569712477,0.3642760105346093,0.32943846438818364,0.38060787871994406,0.3731350482931618,0.35910567802540366,0.2821187126252237,0.2919341841937002,0.23355591351460747,0.33535812740215354,0.29037212903830617,0.37408725739435705,0.2963311159176578,0.36634289805657055,0.31052016105269165,0.25605563540516324,0.35377145793898224,0.2615906569340373,0.3339247037680876,0.23620179264191227,0.32836373513030276,0.30114786100465746,0.4425759991851371
0.2964018460715354,0.31427695944591144,0.22041829912310187,0.3038172643206689,0.2623666491385813,0.2917039526639738,0.34296739300120954,0.30523553145838134,0.37007581040421456,0.2692689710544131,0.22950446782778097,0.2940014806916773,0.24308039514002994,0.3184767916831022,0.29249134866658844,0.24058103515913717,0.2519796371032391,0.2704590506807022,0.288904234779606,0.2898980934012356,0.30320517712515516,0.26185820399956716,0.2711566032803959,0.2521559291631041,0.31903905688577994,0.24779031587538972,0.2529214650748691,0.24339475512597586,0.24700713320266626,0.2542936348097868,0.40070012626447465,0.28156080614248336,0.32444537983560584,0.3150722343125025,0.37791597845730024,0.3541689835775921,0.29141117849043807,0.32522487132100497,0.28303374185290703,0.2741366634426414,0.32314137985407465,0.3010606584754486,0.26901045336624996,0.33563935088184405,0.3275259771663926,0.27715592536136746,0.27674609398437877,0.24543451232879573,0.30654356447389997,0.3077587312435433,0.3169248874836146,0.2810726249843819,0.2822386407532228,0.30786391035402383,0.3007522237721556,0.3550511981924597,0.28295047573156734,0.3115078493061125,0.30476975665634154,0.3003642273763648,0.25451261866734753,0.2845666998790894,0.25179643119055717,0.29697578056933943,0.30188376672296013,0.2587821242525444,0.32148707384070585,0.27124818293924213,0.247925353932181,0.29527678041504607,0.3055979918068039,0.33040938569828265,0.3162085004044117,0.27277478906111025,0.26863965784098465,0.2895802339217542,0.24408016315150172,0.2869612257766857,0.2823773373248,0.24505814431788495,0.26670754442996936,0.4009567617878961,0.27930422830812485,0.24861588350733504,0.362516884261816,0.3244596955015816,0.3112511815900398,0.3581046544753634,0.31192521147912605,0.32738225219294825,0.3291207481699041,0.0,0.2834583343466697,0.2626801948888259,0.36478912029145494,0.3401388049598622,0.3051594921794703,0.43768946205301645,0.34130818438434285,0.3318295639340054,0.33692770666010796,0.28229900120983314,0.4016623701452298,0.3285246949240081,0.3715382846832172,0.27600151640776627,0.2723004486559851,0.2884158554741197,0.2969076359436748,0.26573805010982476,0.303849116936089,0.3588181317943252,0.3290158289248298,0.32439407309648505,0.2733970007047374,0.2581110671698273,0.3084194918898667,0.2432978881655874,0.2586354567013883,0.33418537546401933,0.29575387141645637,0.35156712953057584,0.317732081774317,0.3154866816480627,0.3464522191330402,0.2733027332188283,0.3392533286521713,0.2804888745070571,0.3023846679388053,0.28131134181155254,0.3221843605012401,0.2575257076692439,0.2730298068567221,0.37821456826365646,0.2763869486538013,0.2511717717126724,0.24317376969066432,0.31826021298196344,0.27363537311986563,0.3553071737489619,0.27570469388415486,0.32872797729186776,0.4241306694740146,0.3769375580266911,0.32096414000672674,0.39494434418054997,0.3307040067378592,0.26416764763279704,0.307507226194269,0.2258964980259984,0.3542990724741351,0.32182848784878476,0.2718232607531254,0.2589070607415372,0.3738134592777364,0.3445159993718203,0.21756101731566577,0.290165378813874,0.31072855503047225,0.2738786160243729,0.24268553199376305,0.3733028809954648,0.38636359332534986,0.2786085758504799
0.3450012102777101,0.346027241256253,0.2866715644771244,0.2727242389750192,0.2966917071290111,0.3025643785744842,0.3137524367197538,0.3036107159526571,0.26605672515143675,0.3016617678701789,0.34294823570372807,0.3127512896612158,0.3365402238267288,0.294192000066706,0.3238579056376697,0.35192369662473755,0.3824162844128294,0.3241222316307668,0.33707252016384337,0.323291205742332,0.34299247542335015,0.32876023843337765,0.2750874918017895,0.2817685579605815,0.30576620689579503,0.25192792222802096,0.2563549747215136,0.2812167922340738,0.3253762967648139,0.30819042959603854,0.3293735405220192,0.41367053754592825,0.310297789306221,0.2511720196221854,0.3232443425178244,0.38697547078526867,0.3262997497348634,0.3610778917106879,0.3725936105128189,0.31695128044136656,0.39107024637121257,0.2551709397171159,0.3693185388154503,0.3502155353281682,0.29486997218296374,0.3081799361218269,0.2890391245459283,0.31352596375705066,0.35598766641280166,0.44004747738646416,0.45260539326162547,0.3015986359228866,0.3086967716049506,0.36493764865211903,0.4212863221822898,0.2521908415249498,0.38384702590886366,0.3195927299767024,0.36401380062888083,0.38549702428426724,0.308637875412883,0.2821587566098967,0.3048324764049781,0.2941582284998996,0.2883553521138653,0.25849229797581436,0.2511336850921047,0.2904635247159264,0.31543123709831755,0.29107232387723597,0.3417198549030626,0.347982052334305,0.2626764988895106,0.36804013837181976,0.32369844500839373,0.2725545264134776,0.31538899832495,0.3156725128594039,0.2969935549922879,0.274091451365811,0.2946995986162502,0.2900255177582665,0.3523540468638078,0.3003305009933817,0.30028000811998673,0.3269960580295642,0.24775805232014206,0.386829485098461,0.3085222821378931,0.24248714770955565,0.36552529332449946,0.2834583343466697,0.0,0.30751590684491964,0.31922614357042955,0.29100602393700387,0.257016808728962,0.24004989776100963,0.2626047674577697,0.305284540994832,0.3209646034310775,0.30094434867922343,0.2554510796841549,0.2610349701172481,0.3501185874580455,0.31863948681344484,0.3362601753416056,0.2674200803942142,0.3518253123926817,0.2924143812368602,0.3206714626925063,0.32002257996833383,0.28206908255436147,0.2796569523865861,0.3180588883951002,0.3109742406644506,0.2811489849902373,0.34324202333857906,0.29674010670524165,0.24695267245330246,0.36782736820927503,0.2736134784620205,0.2518486855924796,0.40316822807738506,0.26760510120641223,0.370984903605195,0.2910000384086409,0.3040494875032859,0.31082725387112975,0.3359419079134615,0.2656572996481255,0.30742195531719213,0.2798667981453327,0.2866723299659015,0.28169093695192127,0.28546988148011165,0.3246392208756264,0.32918758598903847,0.28156166931748894,0.3814808690428663,0.260001919205997,0.33701866366216565,0.3368494895665786,0.32104594285839655,0.3490670656950513,0.26469060828851326,0.3149872303363589,0.33495738888873056,0.3010313756354504,0.22643707420070297,0.28791404444882046,0.33668005117569894,0.36701194316830904,0.2997074321677337,0.30049892312749077,0.2854510615653436,0.272022848287687,0.29448203700239817,0.280235494029745,0.361831653539422,0.2606883159267496,0.3092711331797991,0.2464141333610885,0.3387421454280609
0.3795596437043687,0.29333967069892825,0.2143270890934408,0.25337444544358734,0.19583999854098014,0.253851474846193,0.24882007566165387,0.25884175869198117,0.2553912870876293,0.24194721756527066,0.25154269804592055,0.253415222170299,0.30242853524858504,0.28194387812757044,0.24674990580923167,0.26487622541376343,0.29694812365112794,0.34530459499945976,0.32073608045920465,0.35128785380008115,0.29965729879746933,0.23046670794529694,0.239278273856746,0.2543276224679517,0.2942684916471471,0.24070784847658583,0.21907486240498325,0.2837170887770212,0.23336205879170074,0.24131368158266048,0.2822462899887372,0.34264406998864416,0.2612857039844547,0.28219398193279605,0.2947475089865701,0.2678589311410575,0.28555573464825734,0.3187920962329195,0.26001002062040746,0.28867563224237847,0.291926774655243,0.23606026213519837,0.29584581717885383,0.2850364569545116,0.2837658064075368,0.3724889242446635,0.2793031262287722,0.24345209915816607,0.31312308817887846,0.3586918377107905,0.35196078686986965,0.3256561877305384,0.37035129493825886,0.28519082737117096,0.2811395347446419,0.27286273731406807,0.4545699570543822,0.22806829994492486,0.3348203074390805,0.37524397415268435,0.30184329194679355,0.2982815828386191,0.3246545561067636,0.23520085183564288,0.42751537247251764,0.47735659569488287,0.2897282049213095,0.2737115283662968,0.26035353668050665,0.2606854026728347,0.3362503376851347,0.33315827167135603,0.30959778279932826,0.30626799511855396,0.3379032776137217,0.49438041787347053,0.2760254641546875,0.23133488394051274,0.34033631429322986,0.29198327770262006,0.3325384156505232,0.29876889830282044,0.2621293351410784,0.302279613041549,0.3403491482151336,0.30801654843817206,0.25915130238182593,0.3534274857356194,0.35945873862349254,0.27288398559530674,0.2673967739876686,0.2626801948888259,0.30751590684491964,0.0,0.3222817413945039,0.2392275195554759,0.3126195808811108,0.2480750726307866,0.2427590177224093,0.33625184645438705,0.3000216423609485,0.2771510793932401,0.2612007670023741,0.23022110387782468,0.3410761683420437,0.29252645034509384,0.35489568348151246,0.24336449268235363,0.3292360419570063,0.26260015146948223,0.322704106196894,0.3168468100317924,0.3236784897578554,0.2597479602079747,0.3877404904593294,0.2754096838003517,0.3748674853919334,0.27142085705104113,0.25102438290279017,0.2374182197828389,0.2829968180473906,0.2576184400881472,0.30619124294143746,0.32382244957710865,0.283806727870208,0.27234498842177274,0.3028298665202403,0.2308136364573298,0.2698963480548841,0.31986738233630874,0.24616619570357645,0.26594392232566094,0.3014590721268932,0.2952111082768445,0.29443364691590396,0.34197332722083545,0.3199569578756848,0.28242618675281167,0.2332172286846,0.32573633364275184,0.2829745562946768,0.2861467046622418,0.3380983941079869,0.26099086775516506,0.31610905287291124,0.2782033406166149,0.24329963165789956,0.29340369707635094,0.27742818848082906,0.20067016529408768,0.34468886586385417,0.360028273294312,0.287244401159139,0.21983205495303615,0.2639456858163839,0.30459836503964743,0.2731406733143787,0.2502030178631365,0.2690783763359637,0.3506554218040401,0.2914133572784092,0.3483640058953416,0.26085781825309656,0.2901770158960207
0.33628062046112495,0.3305526424096299,0.26832049805866554,0.34239981281262316,0.2650775934475584,0.2559056486062788,0.2886954458336938,0.3383670348296167,0.3865918886684496,0.30276395861455535,0.2710190350613405,0.2528182492662869,0.2784999484377354,0.396581887760175,0.2649617369812885,0.2840961620811566,0.32947353529718004,0.34685811277193246,0.2804575812601953,0.31410132217468795,0.3646034313759336,0.30880024508101067,0.2845602879217078,0.24888648813714703,0.3193832446384667,0.292440002562849,0.2506787104686079,0.2852558360198955,0.2680362705422224,0.2537897036031996,0.3066567305558681,0.2952893856592061,0.2905151233382115,0.2751821583075229,0.3579340453378002,0.3711997162677702,0.30899517014217676,0.44146500400186905,0.2907002422221162,0.3486846059620844,0.30874296616989216,0.3245128430157172,0.27977312404688026,0.31113534881884,0.3299341943786056,0.2991337469312057,0.25909625309544787,0.2634576388961007,0.34991424141061256,0.35915796660442023,0.3723346989029383,0.3257605112475427,0.3775607540150032,0.33530868460275876,0.3144678938508384,0.3428807429478057,0.3831213120011597,0.27785900275370756,0.39969378479908874,0.3321744530972993,0.31623536596837476,0.3147717281555695,0.32272285936932543,0.3301970567362979,0.3608676554533634,0.3254338454843386,0.36658414752286617,0.3071218349025264,0.3353406680207332,0.34399764012301776,0.37315643981713964,0.38184045678883094,0.43115513962821217,0.3643927056661974,0.33341358644836694,0.29507578753281904,0.30653762960608005,0.28668218381594146,0.3415972504922237,0.27053231165015174,0.2996600566617038,0.4474708777269253,0.31856698817690887,0.31462370299186027,0.5007852792565538,0.3917103641431172,0.3212954861122562,0.3804563579943469,0.30007747523389144,0.34876394193811083,0.37526736575704106,0.36478912029145494,0.31922614357042955,0.3222817413945039,0.0,0.2970746063384056,0.3046191035291791,0.3129202549195366,0.38186882276724515,0.33289612462222135,0.3417939352189418,0.297028632657496,0.3561810413321268,0.27870396873804804,0.41416291414681156,0.2944162709833359,0.30173052329233685,0.3264996309350402,0.30394586532358336,0.28302213047415165,0.29166162830295245,0.4490014707426313,0.4006387011774933,0.3552350003699815,0.34281818932390984,0.3050398445805887,0.3025770577477927,0.27516585097239304,0.3325806006662961,0.37709716828932255,0.378626930758245,0.3788004515965977,0.36219595046068154,0.32744947591156265,0.4171391344835031,0.2558982054819189,0.4338997169454642,0.2550596034488054,0.33208536153719037,0.3327067917549199,0.3277248488779559,0.3239319015783307,0.3466342687984248,0.4430600180403029,0.3117313032988739,0.3060224851417769,0.24052786826957764,0.317152244412163,0.30957501637990986,0.34143649979705126,0.27501352005006835,0.36168711081977795,0.5250612294442307,0.43178071782794747,0.36056228189808587,0.3430086519156686,0.33579823277188103,0.2799362126235541,0.34510992810221525,0.25002250721949204,0.3535209991968307,0.3679228420174075,0.31702574970157166,0.2806963319770388,0.3275725114196147,0.35595433641684715,0.25852849200144673,0.2859219516135214,0.31986696262066966,0.36802755855087216,0.29373424421765487,0.3695229759412294,0.3954836005409718,0.3539707009372172
0.29099417563669927,0.3694077273212121,0.28922026836730036,0.2832835316546344,0.245416471786677,0.3283431054488901,0.33370381391156134,0.3115616838805409,0.2988336325614265,0.32285552125384354,0.2981638703490412,0.363196350157306,0.28984631065922006,0.2628071406660988,0.30949207825951397,0.2881557079938632,0.2592044757830732,0.24997966753683448,0.2668804082699086,0.26439276077208723,0.3024000161674279,0.36241513051051594,0.2402627102396839,0.2868312567027935,0.36472157889634627,0.27637465524997107,0.22777946772727442,0.22606588820248252,0.30806148522811605,0.24788521116152715,0.3474798151212637,0.2885804371785353,0.33775523617968556,0.2502528235954593,0.2941931054064609,0.32745361812483414,0.3867158031297656,0.31090705782263744,0.3249524001590332,0.26485612402337927,0.31218047410832983,0.29120057204928945,0.2656633088287695,0.4023476612811841,0.3149971523319621,0.26069263555946137,0.2602090665755167,0.33999829853105556,0.3077326614852264,0.26810681340142556,0.29712466909146173,0.2775456992036939,0.2188478379674587,0.3972260445782871,0.363589834220239,0.3347070797154404,0.26142232096337364,0.2968415430054415,0.2573661632715286,0.24305758971907088,0.28199126771523436,0.23535965786696342,0.24589998414519337,0.23753306983248154,0.23035826336206291,0.23436310806324392,0.3032148866709064,0.36148440904466483,0.26280366291793084,0.30172739816862604,0.3333688527035926,0.2573012042399551,0.25479812806284746,0.29335591378012527,0.25989540159698066,0.2445214899397859,0.2629187356709086,0.300154852481598,0.2673740943556079,0.2299807137605075,0.27155052936399054,0.3104141737699292,0.34600226549818236,0.26670322583648787,0.2621325767644046,0.3275090588084674,0.28177240455978186,0.2686755824788545,0.25210968126723476,0.34716050687167666,0.3059305808965316,0.3401388049598622,0.29100602393700387,0.2392275195554759,0.2970746063384056,0.0,0.238678669641738,0.31763699800286294,0.22886387629969274,0.2649092843310711,0.31843253990756637,0.26710901630730954,0.28868846994956643,0.3541294441070411,0.25368700235705943,0.2773351973816346,0.2577970794293049,0.30797846085035585,0.26987162032683726,0.3440511496526152,0.3175995870448274,0.26867822254433005,0.3056530394377295,0.2543964218259939,0.2517678384899247,0.2628968176595309,0.2346276625965008,0.2881307096067923,0.34382767311299894,0.2615507539945247,0.26608395827595016,0.2947209406739519,0.2618826717863832,0.32669428000022893,0.26345112983403096,0.3814546918168301,0.23869300435415716,0.3073674809182554,0.3320996320656021,0.2939688694460507,0.267507550898586,0.26016875713247006,0.25736413236230066,0.29021909469160834,0.3331472454872213,0.2662873957181174,0.303966610045985,0.29465310196705885,0.2807451778422964,0.3115078224481919,0.32211457753860495,0.31135912166998536,0.2980839087377721,0.27504853858589257,0.4056573665534893,0.33407486656430274,0.3588746558714635,0.2777817030747714,0.3404774455479088,0.19964297521684782,0.2944960165080463,0.2745027030806543,0.2597251572765046,0.3015225967664407,0.3908480323765739,0.36377017171773646,0.25003433614123227,0.36867792565938295,0.2868046264057517,0.2648681944044755,0.25149104562988955,0.28448363256415987,0.25955336903817994,0.2969471163267324
0.25062620277710496,0.2625811708477886,0.2210199905690204,0.233270004845344,0.18117413160012838,0.26298577777944593,0.20373933702625605,0.28667669158028597,0.2904797487888832,0.21798627482097163,0.20589108897782613,0.21308042293766075,0.2459026125661499,0.27910306292713677,0.24626160676850364,0.22895564209851144,0.24073581139397093,0.26564016940499435,0.26793811080637575,0.29153101514831425,0.27079712927201044,0.23240590245481954,0.18278955225116872,0.20160877282460626,0.23150876505196963,0.21969400654871876,0.1950103217593602,0.21806304632694437,0.20345579043691764,0.20311602556135555,0.3098412115999637,0.290694175445767,0.2769506263515667,0.22586481138208062,0.253295477884331,0.2824832732829802,0.2368321240570767,0.3155449548259615,0.261486842657359,0.2180736758873633,0.27723274464344977,0.222442380621326,0.2927328347498633,0.24612622560652764,0.29402091770746,0.2783396769073531,0.2546647058491236,0.2158422590495738,0.22680267775302668,0.32050413092542224,0.2847071185883468,0.2629093511787991,0.31462973998361543,0.2875803680801598,0.2605960736880486,0.25587234631468203,0.30082229852406633,0.22898707136231894,0.3141772429133245,0.28752431472724305,0.30858777522227065,0.3564515002766293,0.31998538670477894,0.27475325105544424,0.3506788199556163,0.34868931231431105,0.2671247132639798,0.2640986432094795,0.27428532436025904,0.2642441068129641,0.3113930603817911,0.30944900388673896,0.2790348567420389,0.26323685051860607,0.3180887284774864,0.2845734477527902,0.2526618643622632,0.20722320616849738,0.3134983181843208,0.23088443137832124,0.3057479337140415,0.3113606609434988,0.24427155995476763,0.3080181838115758,0.29094728698688294,0.2865777693970412,0.2723533313647147,0.32767888645756804,0.2983546755084478,0.25916929844161646,0.2250731185888652,0.3051594921794703,0.257016808728962,0.3126195808811108,0.3046191035291791,0.238678669641738,0.0,0.279960453015625,0.27695713262327853,0.2806517729420154,0.29007874533652744,0.2841730581640104,0.27077024728303767,0.23524644696084757,0.3790034367847097,0.26077739171165615,0.34017461866404625,0.20930696175019894,0.2688510379295116,0.21189515113869578,0.23840257484712474,0.2762013031659737,0.27853300182493845,0.26895501985558656,0.28894459336385886,0.20967172430876724,0.2867334621952909,0.21719700770276526,0.22251115457923157,0.2453998414993272,0.2382182845072664,0.29021172106048926,0.24837557191973517,0.25512861240518153,0.2908375811211165,0.24218344156315108,0.2977491387755858,0.2436753063744814,0.24689160590561027,0.314930490633355,0.2723979193829596,0.31692148778874524,0.26927567406649094,0.2861870691308098,0.27619139102566453,0.3025438754267916,0.2383117919275853,0.23218105896046712,0.2289563948836044,0.2881714882645898,0.2944187941805836,0.2863967509215386,0.29218767266015944,0.36536829838138785,0.2719341705148344,0.23903106869158702,0.268497092124129,0.26938864352367664,0.24923899874171038,0.2219329422427002,0.2787348061950356,0.3197772713619351,0.24935365578110438,0.21567289673109938,0.24330144751594474,0.29141033154342233,0.2015712912164613,0.21632994737696376,0.22473934843377233,0.24685105519092157,0.27797399526261335,0.28924071103602017,0.30664486011255193,0.20875670652958575
0.273200186669037,0.306457763641263,0.25470047044559274,0.28799435744940227,0.22185610622626672,0.3010889634334003,0.2841890599443846,0.336674311985509,0.30003943510931813,0.28961489086509595,0.22948654125179463,0.2991079720569242,0.26469171368604183,0.26716776391808156,0.2458435635428997,0.27707557660397475,0.29513276691298607,0.25059724808664746,0.2919982836820283,0.30409562296438314,0.321090885356726,0.23929091782853698,0.28801867593788355,0.2589823035146172,0.36743027622322644,0.2850978556951499,0.247444558768479,0.2807156917787597,0.23444100513373342,0.23465139459939935,0.3528120471040125,0.3060745351773975,0.27499875244999267,0.37078541474092125,0.3276579275072702,0.3187471102208192,0.2838034949892559,0.3194336846892276,0.23812310280423687,0.2762659725880034,0.3046824968099503,0.3253932186688914,0.26426115575501086,0.31469135296680095,0.38208844525010743,0.26954460842826516,0.288672786475292,0.24407890028653736,0.30595609883167396,0.2633584833932015,0.2626957548184852,0.32907006900598235,0.22675606749298705,0.28026211360825964,0.2707861169151296,0.38614409889323065,0.2658865574082308,0.3141728197334454,0.28395477708221206,0.2574853725281931,0.25752757096171197,0.2513651032358072,0.26470949149417833,0.3058947812556534,0.24610793409878448,0.2619927850618132,0.29661017440947546,0.24917604874140095,0.2650340287316283,0.3057754626360722,0.27238924447197355,0.2788655079664937,0.3302677776787257,0.281484144935559,0.29286861196732417,0.2698141234738343,0.24501509808475763,0.2718170696211118,0.28983403824572773,0.23737188834894069,0.3004216673567879,0.30652534587141733,0.2624139425341133,0.2999265516770243,0.3643827500403207,0.37883842672966567,0.31700713599026337,0.26444708598777317,0.3078628947806238,0.30230226369799806,0.2757305546699785,0.43768946205301645,0.24004989776100963,0.2480750726307866,0.3129202549195366,0.31763699800286294,0.279960453015625,0.0,0.2886507222094704,0.33511998629512496,0.2744379981709668,0.27784008877939487,0.35973502141499203,0.356322683391218,0.3079254970298382,0.30704760868540165,0.2835088710927483,0.3908184114192993,0.2689823614919858,0.29483656402154623,0.31367682208294845,0.3175674114432837,0.3198828027009879,0.29196447970367057,0.2716860167812845,0.2852379292545623,0.36298384910926357,0.2340728685939346,0.3323856488861038,0.3308454016873085,0.2558310832172584,0.32508504402985267,0.36926659762798786,0.27921236264483473,0.2888831932049096,0.2652885398854903,0.30191185934299436,0.25731610518170595,0.38467266596672817,0.2589472374133811,0.36377748257165116,0.2898972288780086,0.2544480732874293,0.3116208228273852,0.27278153832240215,0.23132195385464582,0.26220503081318663,0.2828575846996674,0.2946583281971018,0.290158267469875,0.2459076652544869,0.315426309173409,0.3225486452523139,0.32863202682430354,0.3149797632912509,0.4080738065649255,0.29878478407623676,0.24168892688416052,0.3724195307157248,0.27267910222520775,0.31933458419889166,0.28570510025106366,0.2484701446847075,0.26370340521460744,0.4363067367760829,0.2949377849595027,0.21469580127141355,0.31495281778578166,0.2525934275298211,0.26613111511263043,0.2797461159794035,0.33137651383033434,0.3565937419317704,0.2517997370758418
0.25288965038464645,0.23961731492876615,0.1987185737225376,0.24430672469884138,0.23647900381226455,0.21359101134514666,0.23784023910580843,0.23738484923432662,0.3304345167635287,0.2205859493310112,0.2138674315281545,0.2186330886827635,0.20818756254883533,0.3298262399875219,0.20805201804359064,0.21426407612147713,0.2274841562465624,0.24835588368323655,0.22908936682541722,0.25372201338620154,0.24795591084909918,0.22077056706656847,0.24097722277721825,0.19492150665670982,0.23748630202968232,0.24495596322464122,0.23083741933213117,0.20784309256955993,0.22601595876513145,0.22237107834765218,0.2700924955416771,0.248235163378109,0.21853175331569794,0.23888050694864413,0.30490290601301556,0.33476630946838065,0.22973737753819937,0.3304862835876533,0.2526660737152784,0.23163195482731885,0.24763815915418483,0.27496796118152494,0.24537304107203667,0.24855367737480996,0.2399277129405062,0.21806691320911747,0.24151390844860657,0.2182628016651567,0.25876944508881733,0.2930830263301243,0.255782262065634,0.23653641419696061,0.2724836030669228,0.23093720568229117,0.2543868393917733,0.2968570585861847,0.26533270930812064,0.23766964705642268,0.2810518130183727,0.2655179227051983,0.21886327577483095,0.33104369932878547,0.23540290866377472,0.43012296483273726,0.29264382962090046,0.23343535016148828,0.27277561784583865,0.22346781940176685,0.24820167871627852,0.24050712272160388,0.2742058419128445,0.35212457304711897,0.3550729139794244,0.23659503462648726,0.23983658912677203,0.24809126330422474,0.22819246563145482,0.2462725791137894,0.24711546313058358,0.24483703695763726,0.2421930952104287,0.32587925229421294,0.22123622750491778,0.2571941012637893,0.3699601689546499,0.2746242823858556,0.2819020195207289,0.3289382344647328,0.24747284188878552,0.27118236528141215,0.28141395445488976,0.34130818438434285,0.2626047674577697,0.2427590177224093,0.38186882276724515,0.22886387629969274,0.27695713262327853,0.2886507222094704,0.0,0.24962973514980158,0.3243238081452504,0.23255504006747177,0.32860423166569497,0.23084778074011644,0.3644529097724655,0.2240902357308623,0.22947270850662044,0.23784492126880943,0.22829956548409566,0.2063974541721344,0.23294801008754903,0.42855260476039114,0.2784997747246959,0.3346287023635207,0.2578539645874144,0.22048877032584516,0.2571567524491472,0.23283387758615184,0.22895279631544996,0.4056068034152997,0.309476093953395,0.30289099572577605,0.3066319057729173,0.22508039596399257,0.4281488939650999,0.20076500252833876,0.3795209942100526,0.23452348781815027,0.24917362095374745,0.2727754250066773,0.2878356023644617,0.254983295823222,0.28677099963688985,0.40186223527547216,0.24362409995193177,0.24778062760593483,0.20519849308683136,0.2641903936989026,0.24107120042282526,0.27691759872854066,0.21465276001113268,0.34413938833673047,0.3154307643553288,0.41775505417885456,0.3008889703120364,0.3149650596369837,0.2751819349766312,0.20900843263781008,0.25245995361471846,0.3229736385112653,0.28759737775372074,0.2784469527972346,0.2485670338038883,0.21268119268862587,0.23915048841897582,0.24985325558278684,0.1872747499037833,0.20626026837669778,0.26024580563144906,0.2854272774963183,0.2329265227639124,0.35382493005536414,0.38575132267338547,0.2774404738701949
0.3728460593605788,0.3643142859054551,0.2770271850149552,0.33341995773015826,0.21854959910280475,0.29641087762204166,0.2763162885195609,0.38184054264448714,0.2865338652666374,0.34459451556220067,0.2605188193986636,0.2602571704917114,0.39273756100932644,0.33313931300249955,0.31878854426618736,0.30327623712568097,0.3549942851067678,0.384532773580369,0.29591428465575614,0.3494401010612211,0.3110044469403148,0.25811409930151447,0.281406756775631,0.27005373200436095,0.3209833073853575,0.29823188348984864,0.28366550019361175,0.3778466647358057,0.26511612596993916,0.23465762670258555,0.3525017417207025,0.3555589690553409,0.3384266641803397,0.34858048031947964,0.35098888631432507,0.3121442085893609,0.3134254810200969,0.3360934263807309,0.25999266269529336,0.36786182789731897,0.33883991666931446,0.26173349233302134,0.2827865207575459,0.2745059478550707,0.42573121038088807,0.41882056611345864,0.2681717284066858,0.24484105365314895,0.3280172482099851,0.3261871610249951,0.3614215696583897,0.34079022613399135,0.2832970327944261,0.3234293324106283,0.29892004385904997,0.31194067594676583,0.37301031050402855,0.26869325723488446,0.3806363983067593,0.43627867492578604,0.37366255684501176,0.2838961407224441,0.28529717980720676,0.24795009698985154,0.28967135172998526,0.33856162310844257,0.3865866161661473,0.28821519277651286,0.3009523191268185,0.3298591810125294,0.3334146411988837,0.38677000129273886,0.3156543858245597,0.40399714286835375,0.3699754945325012,0.3379526057759063,0.2936644244279785,0.2985591730346158,0.3613138454358504,0.2779615365940349,0.2895370767565936,0.3255208958914303,0.3031422431967688,0.3643271949635448,0.34702992363990526,0.4030270762821026,0.2915634148095945,0.36106462996907845,0.47330407002816066,0.31943649590696865,0.29092567834444355,0.3318295639340054,0.305284540994832,0.33625184645438705,0.33289612462222135,0.2649092843310711,0.2806517729420154,0.33511998629512496,0.24962973514980158,0.0,0.3337378093632534,0.27762610076337385,0.2967629129954266,0.27530170063943005,0.38693922592987656,0.377053304031429,0.35534949926426884,0.30854056495670823,0.3745452450947481,0.2816150382343269,0.2857587485300496,0.2952266276133665,0.37060484896049917,0.30739488283251587,0.40858149682843,0.4080836667679266,0.37519408039932056,0.2436748107442451,0.26405655287353397,0.31407871408849314,0.2819212950216737,0.3149969784060565,0.3019070623391869,0.3894889158747194,0.2620067051748696,0.34240631857316123,0.3255485478285481,0.2870888668549257,0.34023127352878507,0.33769346899189984,0.3164778577280339,0.28123446914780603,0.32669458450744737,0.303296171983168,0.27188725620068566,0.2420406311251565,0.2778883061410289,0.3530229474639067,0.3010979296133981,0.3246256180962149,0.28245369165837,0.27154076922968745,0.40745596816730606,0.26993002059533494,0.301080699046345,0.31512165168464057,0.26256424608658874,0.33508741135082476,0.30329363787707386,0.21176213851521375,0.35841582349798046,0.30697088250847177,0.2778477639458067,0.2593783276773868,0.33087849832941235,0.32716750893685786,0.27104406882416443,0.3420019533071021,0.29526015352481905,0.33613893747870544,0.3252868150184751,0.3571789897837941,0.29112481801130025,0.29735560094506497
0.29700399551567025,0.30103144684645766,0.21836765986238563,0.2858531707757713,0.2286703430838859,0.23443314876633714,0.286933386865437,0.2684862802700503,0.29068337226626695,0.2692675873238191,0.2779563435534683,0.2344272906453098,0.2974864140732684,0.40563243395183507,0.2843157402420108,0.27088268256017334,0.26926791139576595,0.2920989834336769,0.24148421916899201,0.3304660107074587,0.2732636039995194,0.2756596769051539,0.2471906513435592,0.2873838959458398,0.3076461319342567,0.2602971877554313,0.2613472655528929,0.2724952946197862,0.2886234922691168,0.22723571752305505,0.3579980441105475,0.28413183514646106,0.2781181295313427,0.283483122443706,0.3728588306668927,0.35791764625860784,0.35127031603733283,0.35290379090533786,0.3188401590211009,0.2807782648824356,0.28131758344578034,0.23154764900420133,0.27424347781750447,0.34960578014078086,0.34607976921294686,0.27809212548666246,0.22059131121598574,0.2932275107155496,0.339163623014841,0.30315028175212955,0.3002459681409328,0.2315639751939043,0.2672573037605641,0.31838420131020406,0.3476451260291515,0.2852006024195048,0.29466859678866897,0.2277185588657088,0.35873812315059916,0.34431637704807866,0.32532978615584607,0.26851535575167046,0.2229789617471555,0.32591769251254504,0.28044802565062055,0.270581120536319,0.3872759314453306,0.28446302535660123,0.27888327618536574,0.28601530347409626,0.2973802620923325,0.4290905037415442,0.3029205594755485,0.30970267015438435,0.2641401729724106,0.3111314899775865,0.2948090992133381,0.2890823223485492,0.270397801313549,0.2741866504947642,0.2555089447822772,0.29311906221064893,0.28417418696045843,0.3184620520986224,0.30027715499868873,0.30145943765759026,0.2952958225617561,0.35941503075856385,0.2960962943812381,0.33539059469558297,0.264204020319778,0.33692770666010796,0.3209646034310775,0.3000216423609485,0.3417939352189418,0.31843253990756637,0.29007874533652744,0.2744379981709668,0.3243238081452504,0.3337378093632534,0.0,0.2847511234341489,0.2831673389689401,0.24636616090400107,0.3089996731385199,0.2502510723510619,0.2714790215475093,0.26118665257002655,0.2807008679505453,0.27771302478051674,0.28152842303995407,0.30367071804471274,0.30939280896739807,0.3085801529112541,0.29427009871636617,0.24246592903597597,0.2647867774987708,0.2745039428511636,0.2531627285299959,0.29745144041875243,0.31153241851223534,0.28823649381220745,0.2793191547820293,0.3116377430949347,0.35611266916965856,0.2981827363622311,0.3009992568549313,0.3111222359208549,0.296245677465112,0.33942457563493006,0.26388684209410546,0.24296280545758853,0.3910995229529852,0.32958230556559026,0.33580304408871575,0.29079648537785474,0.29137064059209566,0.32343990753911206,0.29869730121433613,0.35028693152391094,0.30740374824628725,0.35299132219356166,0.32916406297656775,0.31628564325401937,0.3796657374622766,0.27770133902783356,0.2772138728206548,0.28093946572037126,0.26654257405466253,0.21724689523648508,0.36757248478701077,0.30286632025804133,0.29961941100655126,0.23820640007397717,0.2739726484880844,0.37682071123633043,0.2541923516623578,0.2790825691805099,0.37604054053688163,0.30304317148017385,0.26918124591178627,0.34160906266908775,0.30472425461455344,0.29866165422753643
0.27247233947012894,0.2582119253901072,0.2572453350047826,0.30038039276447803,0.2219202272401088,0.25464290483046104,0.26996913342055867,0.3498791152263574,0.2505904022101612,0.27254932779945396,0.28691035621782135,0.29189472225996244,0.2870931437788898,0.23743976176053017,0.27419207854643257,0.3217548587044652,0.29169711082823263,0.2668718266789832,0.3153917727139338,0.2688920503614904,0.34431156639348903,0.2568434733852964,0.24871117238558565,0.2540252507926691,0.3455023343812391,0.25515675487256606,0.2400882018917614,0.24428566558535117,0.23287167653341426,0.2576309157468552,0.32471738223101176,0.3661150092687814,0.2588308400606384,0.2764997272583812,0.24591689282972587,0.30180218318545293,0.3201887988587588,0.309181081972973,0.3457660451206178,0.2834438771473259,0.25969003067416035,0.272865825636215,0.34879628475933916,0.29479221168098296,0.31656745079366166,0.31171194083207276,0.2228871170508387,0.27831491947508735,0.3167406834181574,0.29769683758251353,0.34819812925839366,0.24228805853268356,0.2319859806802638,0.3146750455056211,0.3340772136267225,0.26772114342271724,0.33213074799255904,0.3301841176767659,0.31505042073603146,0.30191858275468864,0.3335519537583102,0.2753868336942506,0.2723126972582562,0.2528759870741593,0.2829615272857452,0.3158985249318378,0.30107380591078065,0.25687995108925493,0.2960585643124392,0.3521688200054563,0.2901928459657852,0.25746395304080616,0.26830474678422567,0.3606556714086021,0.305734901797987,0.2594185132755078,0.3711922447991481,0.2656549154259311,0.2946269813333507,0.24756099510407176,0.2721406811417049,0.30972731316988833,0.2590446648124548,0.2581575764455767,0.33670090189409235,0.2754870030671677,0.35078874135289356,0.321663757574494,0.2842100366319933,0.2582002391171733,0.2831974437645801,0.28229900120983314,0.30094434867922343,0.2771510793932401,0.297028632657496,0.26710901630730954,0.2841730581640104,0.27784008877939487,0.23255504006747177,0.27762610076337385,0.2847511234341489,0.0,0.29135719599505633,0.26130740463827373,0.29110360608336844,0.2815578563190523,0.37284646861615933,0.2706003507562542,0.27847882494252274,0.2902687683882084,0.32225224190222324,0.2959619762566297,0.29930286483342766,0.31796358461675706,0.2542333127890671,0.23278543848377387,0.2739281604348922,0.3240034519110562,0.2642441331519923,0.23530677154202764,0.2703900150657462,0.3294920767275622,0.26537028742668645,0.30543013723949175,0.23585259586382262,0.289111803674353,0.29060290682878737,0.32437278089326965,0.2899025288455206,0.2864902211287023,0.2563875232894177,0.32062252163197746,0.3091910435128942,0.24894436513016233,0.33358925684322277,0.2405355153616563,0.23968603814297537,0.25843753929314767,0.27544480940127875,0.4159656498273398,0.23285038123471286,0.3349246691469066,0.3023149504793492,0.290066184443392,0.3276103652001375,0.2731756451888881,0.26932500741711246,0.29298093373906764,0.28531387638310024,0.24057544117395585,0.34146919703022477,0.278488733722947,0.33281341066605363,0.27867551032007726,0.3745637421813946,0.35073452673773303,0.25831886787241914,0.2887180200746304,0.22248016752480215,0.301424224591646,0.2589158710757957,0.26427567262578117,0.3268615536997821,0.2663180047222605
0.27781587562661886,0.23462617200172306,0.212427671712172,0.33562682992003884,0.2439435496511542,0.2341209189767763,0.27654070135044256,0.27591960657243136,0.2987471051209204,0.23941835322621638,0.2471425220710723,0.2914193730759017,0.22512042677442456,0.269708976460796,0.2423319505757858,0.23579199600016354,0.24320850930746477,0.2736694973718825,0.2891239199756488,0.2566909491925445,0.31383665920012666,0.22212608756315894,0.28949058549489004,0.22288042147724618,0.3148254006962876,0.30926225658355244,0.25669864149497473,0.23940962255853315,0.21388453858434323,0.24256149775773095,0.3060338877410353,0.2552704301408852,0.27210369272252766,0.29457153920994195,0.3009741236570079,0.345076325112802,0.27419359262419457,0.3348401356403617,0.2622136103426587,0.26181604353521115,0.298071492576906,0.27524084387994957,0.2901169436909626,0.3159659654484261,0.28826702886084254,0.28253781142937173,0.24966950880858035,0.25988201286807006,0.2904433851517433,0.30218752945456695,0.3187901803341723,0.29180149281165463,0.24764384316530488,0.28798484681607583,0.27539732586672927,0.2738048755066717,0.30127106831358225,0.3059583698157942,0.2886324784479281,0.27547810080199864,0.23806240685229177,0.28772192641582156,0.2899611366174568,0.2993051413409992,0.29360531317073607,0.31364681159605645,0.3217466460231016,0.2471650402840737,0.28969476864325444,0.28957434497689516,0.28321170427154296,0.3000219982539103,0.3684221582077216,0.27559083073182483,0.25784460507475604,0.27262083645017177,0.25369914735638843,0.25615122875291396,0.3302814811448713,0.2356871819774505,0.2601595795503221,0.35096703297685883,0.2420905300549808,0.2626558499155274,0.4053904832765958,0.2970386963145859,0.3254037273440481,0.35575707417121244,0.2864669931694288,0.29200178018111683,0.36061239409749946,0.4016623701452298,0.2554510796841549,0.2612007670023741,0.3561810413321268,0.28868846994956643,0.27077024728303767,0.35973502141499203,0.32860423166569497,0.2967629129954266,0.2831673389689401,0.29135719599505633,0.0,0.33453272456959815,0.3726083103880765,0.26439738657555073,0.2969965657842075,0.27336026989565837,0.271367565599304,0.24645900146402985,0.32961446151784274,0.4336549099363417,0.32146045979712656,0.341142651263932,0.296032430376875,0.23512715607776444,0.2856901809892349,0.24512264262901137,0.2856927517517304,0.32199912415014803,0.27143364586534136,0.38153532006841484,0.30660181239785833,0.2747494378526502,0.3001606701587876,0.2561220794223991,0.314833654813962,0.23998249757831816,0.2851356000303477,0.2759360265603913,0.2596354856216958,0.2547395856839165,0.2742317491740411,0.3279740591496407,0.2836196453568097,0.23124975303941062,0.21366826870889197,0.2873419908956922,0.2733428965852562,0.34411180398061064,0.2841462501023713,0.28445278907371246,0.3239121774720488,0.3736618268187401,0.3339904982663607,0.41673354651230465,0.26151456004916074,0.2388020846901701,0.292227147456078,0.23537659616244755,0.37387951285773763,0.2961537271492786,0.2724372129723195,0.23612120640339826,0.3725938260995288,0.29502416394959985,0.20566713691915997,0.26967618421925127,0.2817537838865569,0.281921859214188,0.24707888348677,0.3348380561691133,0.4149042527002181,0.28262290475676904
0.2684983820175504,0.2959480221415261,0.28354472430126004,0.27525923362179233,0.22379631859761392,0.2491291104176758,0.2722796369444259,0.3102289033459346,0.2534805892290489,0.33591950879059157,0.22957916941183834,0.30972137889820944,0.2348315127237461,0.24441516644738923,0.27250310650659776,0.25162979204835706,0.25490654135730867,0.2774977798715256,0.31665080283184427,0.2737704344394161,0.3020234260907101,0.2659373150052162,0.2639914275654821,0.24700628082610043,0.36968879984733033,0.23515023337464472,0.2202570139020643,0.24144592411190757,0.2532513758393419,0.22889492183749216,0.3207439943002298,0.25306495695714215,0.300059266773395,0.2554049478246117,0.28110968149362825,0.30548730004229563,0.27046662729807464,0.304558474100985,0.24257819943134157,0.24987519121003743,0.30963646683530405,0.24135267535650698,0.29017543971131926,0.2869342555470145,0.3134181048224891,0.26788467553459705,0.27189140260401345,0.25317434547467016,0.2890896541003531,0.26591516164742285,0.2816457318767679,0.28513193193315944,0.223504481231539,0.2934410769653585,0.27343963603045407,0.2584170963134182,0.26488084823159863,0.2675187264159489,0.29145519811686926,0.2523921765294666,0.2404646483267412,0.22225447544650734,0.24377203413754192,0.26932801939891815,0.25101830611268805,0.24063371098486264,0.24052161210484893,0.27482898430887504,0.3116421041265445,0.3125384709531316,0.2722153004408919,0.265885475569106,0.23722832426561075,0.2634902083243355,0.2552918180183986,0.24325861727932105,0.20959404873924642,0.2447861872128155,0.2794200643533846,0.19553782482457197,0.24548840934053476,0.30230191375626064,0.26628688439495235,0.25826306301712354,0.27519134218538555,0.3261940080103239,0.24732493638470143,0.28322735135436017,0.27579264217008626,0.2387642143983952,0.27145103801477716,0.3285246949240081,0.2610349701172481,0.23022110387782468,0.27870396873804804,0.3541294441070411,0.23524644696084757,0.356322683391218,0.23084778074011644,0.27530170063943005,0.24636616090400107,0.26130740463827373,0.33453272456959815,0.0,0.2784031100416916,0.2665982702606665,0.2660136758864485,0.2929641066577071,0.26808689742907066,0.2694600285573972,0.2769337213327284,0.2779776955835893,0.2577129956360355,0.2448454482210929,0.2503624207197596,0.2394821610950403,0.2672914272899592,0.2956144858644808,0.3012998525993001,0.256808367263368,0.2252476082997539,0.29072378943097704,0.2422261836831761,0.2731486408659723,0.2299814689522166,0.310018048922572,0.245135353070916,0.23450559746766328,0.3344225482177446,0.27687491314608614,0.2740903915229103,0.23806339733866538,0.21278382034598073,0.24632039167643308,0.2824145937393048,0.22678204291859994,0.2566949384605176,0.2750671719604768,0.2918314756268106,0.3161212496438827,0.2975698188726745,0.2485459362641763,0.3044611894758797,0.2716592050662501,0.28776551037616205,0.33045016798523885,0.261953612318971,0.2552545955195541,0.42950719013871846,0.2139093699639817,0.2731283276684965,0.28824904910882004,0.25052916307825285,0.27314446360402445,0.3952522219099449,0.29905452448052006,0.2145392225935462,0.27273652045957414,0.24843090838763496,0.22476735047430477,0.26432338312973225,0.27820677213140765,0.2863388823808333,0.2376666193279814
0.37498089209008856,0.3006774699399567,0.2510582573734471,0.2876415363546624,0.22807614553821265,0.2940901376771372,0.23282369295126043,0.3566103139304513,0.3649955235804677,0.26110222189773047,0.25388056945149484,0.2532495284501934,0.309595539368127,0.36097505924945117,0.2743763143065351,0.27753163995055824,0.3010322789271128,0.35958191017637514,0.3137797047946407,0.3595718153746022,0.3223938281078145,0.2563765394259692,0.24458337060735147,0.21518299555359668,0.28906952091725874,0.26322451246157097,0.2537933413018658,0.28045247592922656,0.24427698245365603,0.2572239702739341,0.34187097946517697,0.3612747785013834,0.31256875751344304,0.26789154308962404,0.37158560897552584,0.3854715836190091,0.2812920121775774,0.45595552284384955,0.26108629836843156,0.28560946255201264,0.33010017274290004,0.2700644002171853,0.35018779214718276,0.28166072349698007,0.33247440951597756,0.32549761938351723,0.29328246371424965,0.24950979630655568,0.289608868916619,0.46455012909782106,0.3856169537818686,0.3294430375177923,0.3550730610095093,0.2934865407341474,0.30467629443592437,0.3005373178268258,0.4215708882967809,0.2974930751287282,0.38573885480560205,0.3977160062019483,0.3042590783724907,0.3760908586996176,0.3799940420285171,0.3319600808878728,0.3644884881720141,0.36002429374152795,0.301767114633706,0.29181046413425843,0.36171872181303516,0.32592577499538405,0.36625286536487567,0.4359714301505453,0.4043652305920808,0.3324563996486606,0.3929968150064321,0.3234752368975009,0.2515353819852127,0.2412310631149936,0.3950746472020187,0.2589894792115496,0.2967162278871063,0.3884250672398268,0.275995035133195,0.3894803026576666,0.4269545329626369,0.3883141510201395,0.31548439576889015,0.49816327050548354,0.37739892641893286,0.28220277806464095,0.3405353226738768,0.3715382846832172,0.3501185874580455,0.3410761683420437,0.41416291414681156,0.25368700235705943,0.3790034367847097,0.3079254970298382,0.3644529097724655,0.38693922592987656,0.3089996731385199,0.29110360608336844,0.3726083103880765,0.2784031100416916,0.0,0.3374779397542981,0.3630380745617167,0.26494240240123423,0.31147917079020626,0.23057461926379305,0.26186025512738265,0.4234795728002416,0.3759801032695027,0.34992005510277463,0.39674021886694993,0.2857593351947099,0.3445404325572871,0.26248564037623584,0.2623825172238544,0.32151197263401404,0.32219390847906065,0.35058728985109,0.33801104166164053,0.2983396706402658,0.3557324679506427,0.2691933008721737,0.3901997204028419,0.2551341754655774,0.309353562802597,0.35113888446550806,0.331642522321752,0.3234779333957124,0.3212613548756886,0.3749891912546129,0.28319307756618883,0.2760177795120379,0.2528249194985983,0.30859835034531624,0.2822753538084611,0.35642499438120007,0.2907286870145962,0.3334150900248189,0.38899117278774914,0.407631598888689,0.3148537887214582,0.33527478117834875,0.2968669763892067,0.25849258595196517,0.3235691484776406,0.2503642505577013,0.3649606979991214,0.3510447248043013,0.2858590060287493,0.2353641016955363,0.29142763508575675,0.31073040617508363,0.2353909269583759,0.2516114811566041,0.27590467418240705,0.334382847185825,0.2700703987883987,0.417200572522033,0.3248197105549431,0.2827600596245139
0.33015468663750164,0.29383157011550554,0.3210912248656824,0.2669708320003912,0.24453734567668015,0.3284510935896206,0.2677917396324979,0.34662364646668503,0.26872057218044865,0.27861372752753955,0.25480713613634315,0.28038803672396045,0.3980736001174992,0.27286260188390005,0.3029898846273452,0.3878824593693656,0.39745962446821576,0.3259156029202161,0.2657494857115444,0.33235880032797066,0.3600114167003253,0.2804356832381701,0.26602535144466627,0.2726524534616326,0.28335158481430406,0.34563062747353734,0.24723342270805093,0.2872667525273091,0.23193897045104034,0.2701065890307192,0.28719777177636835,0.3487055969318645,0.30929041303019,0.2841368420204988,0.2733108046628652,0.28030382291928163,0.33101528228248667,0.34739375057062893,0.26899761638056036,0.3262000281747401,0.324231167713589,0.27148699158059997,0.3762200872471438,0.29255802063247294,0.36094589951499095,0.44641413495336296,0.35768699756091704,0.2682273061248797,0.2913174106247722,0.3796101519247791,0.37227430034734627,0.4154915581464452,0.26612481763751494,0.29170027906401297,0.2726142969032698,0.303766026034378,0.3724661378460767,0.31003456974294047,0.30037565312742176,0.36172482979267867,0.2917593121026399,0.32171888238849156,0.3406824461615999,0.2476024288785691,0.2830901372933787,0.3230003800237622,0.30038392491534854,0.3824824605652407,0.3241454190096167,0.29291398733991203,0.3874793940694671,0.31900869484623856,0.26076636496816513,0.3767188834284732,0.34602897193679966,0.2679693319752727,0.32781658674954134,0.30469109834571484,0.4255963817914878,0.27393393611059264,0.3148386614677813,0.29627720946193914,0.35069403163209023,0.34318005898087844,0.3294141092670847,0.4099511966359541,0.25909812943923877,0.31490725614026355,0.3798991493835209,0.3001012231494653,0.3265627240576639,0.27600151640776627,0.31863948681344484,0.29252645034509384,0.2944162709833359,0.2773351973816346,0.26077739171165615,0.30704760868540165,0.2240902357308623,0.377053304031429,0.2502510723510619,0.2815578563190523,0.26439738657555073,0.2665982702606665,0.3374779397542981,0.0,0.3969518060425274,0.3093118130167664,0.38524066332092194,0.3011541047991619,0.26399968288922515,0.29892946130662834,0.3148276911970181,0.2870225949053285,0.36712234629805895,0.3838313262845186,0.3111641021469271,0.2582228781572691,0.2862374745548767,0.2544290349002161,0.3471905508643576,0.2910467864535941,0.2992801631550762,0.3973680995545627,0.23231970692724238,0.31430083768775696,0.29326460181099967,0.32338779043681404,0.33004743536390246,0.35316627542805407,0.28785568725791727,0.3541094765336234,0.2681122953583707,0.24385624219410684,0.2645790591390703,0.27420474325321204,0.37205596567029675,0.3217925257469681,0.28163887628543727,0.3203056061904013,0.23907595641721643,0.28119166325287254,0.3183463551817641,0.2469359005430624,0.3144030194986037,0.3345718068427523,0.32388737843596244,0.35834432362454843,0.32166506380659754,0.22718606315375256,0.2668136703561533,0.25781899297221944,0.27243246255110976,0.33004208057572115,0.34435610420541474,0.3247972716097444,0.2697785785131259,0.3671654209266138,0.22045852342702452,0.3064261737496508,0.27553452008710355,0.27027373196415566,0.2747870930675798,0.28045134235558605
0.31966345483429504,0.2872918923863001,0.2690322144789974,0.2890911719930356,0.21697749051659684,0.31492514241994995,0.23901696942111814,0.3397081076416049,0.244666751911399,0.2782034376898456,0.25241453043012974,0.28572990416892,0.36377425486144543,0.2555284353058075,0.29926589522691655,0.33800519302596427,0.38331760746408156,0.3045616751759439,0.31694016278983417,0.3449201163134855,0.37822365800672914,0.2505811596717582,0.23675500463025018,0.24927188737219869,0.29662555664438,0.26901068173313936,0.2335875593637705,0.28509738682596686,0.22953942816074285,0.25261284587545507,0.3100602146052104,0.38156945342349297,0.3120569813738828,0.274278115675163,0.2644760406019041,0.3147452267627739,0.29394603572569183,0.3436940132387376,0.3070185137394609,0.29635612434456005,0.3510455514334162,0.25562685061342444,0.41048417740256754,0.30185317532862666,0.3386263084063194,0.419813392851377,0.295544006073031,0.2715273079581763,0.2890905146940896,0.4613002465572085,0.4001156158152782,0.3404365572477774,0.31080336303749057,0.3387637533572131,0.30197791565622006,0.2665910037774089,0.44891644330752034,0.316765177725252,0.3406490078668626,0.3818594916390887,0.3584093909613964,0.3589215966517129,0.35315161950140345,0.2671675826069806,0.3357780134391968,0.43054125831393963,0.2920837615022544,0.2822402434749549,0.33516788015598314,0.2983656326038977,0.3362840008126176,0.30932954240115546,0.27835151750186404,0.39123042197263824,0.43948370511702933,0.27922705783279644,0.323179803898086,0.26055114855828754,0.3771044324562716,0.27699324051496416,0.3355789533312012,0.30062171298817586,0.28677208266731563,0.35156408670212413,0.364524588148728,0.324227754575418,0.27588049335249876,0.3717731611908556,0.3590112977223102,0.25208852502520135,0.29399409210952226,0.2723004486559851,0.3362601753416056,0.35489568348151246,0.30173052329233685,0.2577970794293049,0.34017461866404625,0.2835088710927483,0.22947270850662044,0.35534949926426884,0.2714790215475093,0.37284646861615933,0.2969965657842075,0.2660136758864485,0.3630380745617167,0.3969518060425274,0.0,0.28562714722440224,0.3834136942188,0.28029237233245724,0.3120205446264945,0.3216598382046436,0.32788733575737805,0.3255538062336358,0.3413296954325597,0.29651766934865603,0.32411178404374413,0.28422909179672795,0.3078041042367107,0.23680590219324046,0.28153683597647766,0.3059040566907848,0.2755147979997546,0.3176252201274358,0.23511632487716422,0.2971953055712878,0.3420411567873192,0.279370636750428,0.3130791026377762,0.34704026533758087,0.2765310799736832,0.3814261650645949,0.26974972363826927,0.2514433149386009,0.3147742464624726,0.29222919160444927,0.2926286866275541,0.2914027833762466,0.2590983413250425,0.38829805370576126,0.258856095097166,0.31439371427744106,0.33330307471478965,0.302067234669894,0.33281241579976195,0.2775260099348952,0.2823702443336897,0.3705242310515093,0.29849417944303464,0.25457892479915545,0.29869632261890217,0.3214727673632237,0.3271816674441506,0.2774310462799709,0.3585092252544565,0.3052852204604983,0.2519501593873216,0.3112325453828974,0.22158088778427656,0.3213209518903505,0.3047481295552768,0.2785596252605141,0.29893282244820407,0.25310440061592254
0.3302699263288419,0.3570979701195359,0.2943430454071975,0.28898226568553886,0.2698008438514022,0.2889784187755475,0.28296262923281384,0.36626892809996847,0.2901261470315673,0.38854898038922414,0.2973319392550386,0.2819052852015666,0.32302281968095414,0.28944940778820427,0.2486498593398978,0.35156972572755435,0.3705655635572899,0.3109992739352217,0.283931971916288,0.3278262646346866,0.33407919302225325,0.29895595157399374,0.3741901761335495,0.2867378430310166,0.4238677686059694,0.274011116468487,0.27325055514841307,0.3686601615617784,0.2644471326569012,0.25701326264254465,0.30906397066951924,0.29870416271447575,0.2437663650827443,0.3333003326379054,0.3428043902777917,0.3064662111591444,0.3259458979197114,0.34296330310812473,0.24274108512047496,0.3053998017996454,0.261022537959697,0.37513206918258457,0.2658663506289585,0.295576588621602,0.3511164353876773,0.274028065922617,0.2555508286333633,0.27950934191311455,0.362168065116346,0.2673931361710224,0.2754638869008382,0.28213387686998237,0.23765035763836495,0.2795704025973312,0.2715173960165457,0.34468038501162274,0.28254430480164716,0.32546941259267603,0.3027903223237652,0.2632507987556565,0.2890943694797581,0.2138256305482975,0.2587315248788692,0.29491007800063923,0.23046534138419725,0.26198649658089895,0.2926333081072635,0.26499133421694,0.3109808680974721,0.395239826372137,0.26868477831157705,0.2696170642059011,0.314545732365932,0.32285073095417693,0.3470368513041286,0.24336283922807952,0.26838723367192996,0.28690800552079726,0.29762981244886155,0.22930495664356082,0.28213271884415714,0.28071317624859227,0.3123816206571256,0.31660892148163583,0.33156114673295856,0.36811961752627226,0.3117998127403051,0.2561922027957225,0.2981475046748341,0.29044261496654783,0.32602295235053164,0.2884158554741197,0.2674200803942142,0.24336449268235363,0.3264996309350402,0.30797846085035585,0.20930696175019894,0.3908184114192993,0.23784492126880943,0.30854056495670823,0.26118665257002655,0.2706003507562542,0.27336026989565837,0.2929641066577071,0.26494240240123423,0.3093118130167664,0.28562714722440224,0.0,0.2707508254960052,0.343574448545653,0.2970675922129151,0.2914016818123541,0.3225695816717415,0.31831036398433016,0.2752758533103724,0.3514167925102997,0.32103970516461466,0.2671728383419315,0.3613838046511666,0.30647659931218657,0.2707020806769819,0.2704635373888774,0.34591325285666946,0.2965037644057032,0.2561766125589774,0.2640796387099244,0.2742210075932047,0.25929131370607245,0.36410258157063824,0.2533721644837897,0.34692868546438893,0.28762020190576787,0.2647340513128131,0.2869493459846947,0.29860032229390315,0.2295234969427319,0.3016899034895275,0.2846250671353861,0.35806181128747705,0.293922485910601,0.23845847190621286,0.32815893313225303,0.32121928408275635,0.27496893960574215,0.335276601846955,0.3724850336841545,0.2814847423276897,0.276881596242575,0.4150273330294091,0.27142013392781933,0.2967260173131153,0.2871474632470751,0.3100813783163542,0.2788805259072758,0.39767488456891137,0.3248166292557121,0.2535496181362497,0.3759084937085667,0.24342926932078848,0.2780994664472096,0.28741181241594826,0.30201821235632514,0.28161370801952784,0.32439222908691634
0.32441018747078426,0.33212620023155526,0.2681695658785286,0.29831989725530983,0.25716980254391214,0.26134645656854805,0.32494308296646124,0.2979978235292155,0.24427711174540337,0.2867255174586868,0.2603156298357487,0.2649173435540076,0.38125777616164264,0.30795824603241045,0.3718831652512614,0.29821811285135197,0.35565810472756404,0.4023775127998581,0.27341598505059495,0.300705947160043,0.3370928036007742,0.2775937468751533,0.29630792543641127,0.31146407490849465,0.28076583892729423,0.3086814153239982,0.2725039638207298,0.2713618306843466,0.290385448586716,0.26821419001543273,0.28814837089110984,0.3293327545984298,0.36833632003104,0.259299438227372,0.29349092835333035,0.2880018268741551,0.32346286484060416,0.3266365831166309,0.2879848464944825,0.433062513822674,0.43933030357926467,0.2597124193553123,0.3555118984638867,0.30114814606642126,0.3555161772368825,0.4856107161630597,0.36745274599361416,0.26025598133837036,0.33704341652345704,0.37340884366463106,0.37455775582675294,0.33175789278074835,0.3179417697208641,0.32623057469329914,0.2839965164306033,0.267560455967055,0.3614784334919184,0.28758465698215097,0.35208485596342926,0.4035246229385846,0.2876972859755355,0.30236531932191263,0.31917928390822925,0.24233487863902672,0.30579849538399784,0.3305177355415778,0.3231089103521604,0.313023646818692,0.3061490142744607,0.28278762119999273,0.34669652635002934,0.32696486408956027,0.2453723124465742,0.38912681755028417,0.3260646369590321,0.32599590228999703,0.28514187084477255,0.32789112464625875,0.39438813397256556,0.2598181838722533,0.3324824665031742,0.2764118869985513,0.3349206960592454,0.30877161397839403,0.31358325799999465,0.357493997423843,0.2568095420642405,0.32841231516304403,0.357501561508211,0.27442149855241144,0.3208567461225177,0.2969076359436748,0.3518253123926817,0.3292360419570063,0.30394586532358336,0.26987162032683726,0.2688510379295116,0.2689823614919858,0.22829956548409566,0.3745452450947481,0.2807008679505453,0.27847882494252274,0.271367565599304,0.26808689742907066,0.31147917079020626,0.38524066332092194,0.3834136942188,0.2707508254960052,0.0,0.3088376352705046,0.2894595637133627,0.2994798556913641,0.2737219259841307,0.2665416022782634,0.38553509339186165,0.3497509871066106,0.3367359019470283,0.2612531898298071,0.2595419201490389,0.23582471011408696,0.3114147743360346,0.264539478752395,0.2691254667276445,0.394798995785187,0.23386306407255275,0.35603588932638064,0.2713238754604286,0.3131300008290136,0.2894165838732568,0.42591918376001575,0.26519787211509027,0.27616128847964516,0.24193241702209495,0.2374952010239782,0.26215339449878544,0.31448426325910617,0.3361963623514539,0.40060600079573144,0.30282922843084487,0.3578733187579622,0.28993271778239527,0.28295139979542333,0.3558596204905198,0.25983796194032677,0.33793446339933675,0.28219842845299625,0.2762639865682754,0.44180571381718525,0.29764638555383627,0.2056361127823598,0.2671456855386023,0.32101918503564675,0.29161374533113693,0.3594202507589563,0.3253870100620876,0.31669249616817996,0.297210050813258,0.31864828759205455,0.2690404544451288,0.2848199732620456,0.34121664333295415,0.28805754526013644,0.2772759610106307,0.28419721429162054
0.30576669662761136,0.3519553017208698,0.3149212822652317,0.2644276904603461,0.26086788227587726,0.3139910093738658,0.3172024589306214,0.29775786071089466,0.23950805056966848,0.31332940074253995,0.3574063294239298,0.34903942375783126,0.3243073725748322,0.23780878451621376,0.28076562874576066,0.3391228304427322,0.3321723659893196,0.26866948054472395,0.27875813349252637,0.2844956224391209,0.40493353210571237,0.33990808131889566,0.27610205448705627,0.41202492229619897,0.38235479997206684,0.28274490673156305,0.22556154962225686,0.25081112272718514,0.27053164452570394,0.2661741237557373,0.2914263961378905,0.29073208429008,0.24538921094061955,0.27134162670605927,0.27789495614524606,0.2810168517492414,0.42513848199420623,0.2691818365412452,0.31598426384840245,0.3367908774594225,0.2777471557604467,0.32000983270441224,0.28460324380383106,0.3520119522539278,0.32863731916275335,0.28906293228850743,0.2795506484109604,0.3958645096100957,0.3460842931169052,0.2583862108691811,0.3135922564046231,0.2877804182930325,0.21998741536748315,0.3281541428247868,0.2915484235346766,0.29737144629030143,0.29115534933301057,0.31198804612879505,0.29551988222972814,0.263579296000961,0.3025991861073414,0.20196401244869222,0.260908078708974,0.23440636982673516,0.23223870308890462,0.2653470168468834,0.30656766029424554,0.33188850393345737,0.25139000275820744,0.2858752292907791,0.29653041843753214,0.24712030382690722,0.2643856459103204,0.3492344636666255,0.26433036137182037,0.25028414149488765,0.3034806375703451,0.323797786415515,0.25648231460436516,0.2814119842597514,0.2856256722288585,0.2652468652659006,0.3616184886063384,0.2519099738905492,0.2798340198610924,0.31710509799129344,0.28794188954167194,0.23705375691295086,0.2543600135445641,0.30534980002482565,0.294246019710259,0.26573805010982476,0.2924143812368602,0.26260015146948223,0.28302213047415165,0.3440511496526152,0.21189515113869578,0.29483656402154623,0.2063974541721344,0.2816150382343269,0.27771302478051674,0.2902687683882084,0.24645900146402985,0.2694600285573972,0.23057461926379305,0.3011541047991619,0.28029237233245724,0.343574448545653,0.3088376352705046,0.0,0.3620231636434905,0.25546238893599016,0.29221653724244023,0.23331407783851346,0.2425137024960514,0.3169920199338263,0.25357120301062286,0.27888384353222156,0.34460138343651725,0.2191850026599928,0.2896315640656127,0.2212823483856644,0.32738703591957896,0.3737499277304775,0.246035397915804,0.31684967231156425,0.22942246282926052,0.3437399417409011,0.29874451247942146,0.2434633552388266,0.2491602633465227,0.27773223033863936,0.26018951904237136,0.24489677114927796,0.36772829279752645,0.24982077609625186,0.3438964172219431,0.27370873874731044,0.28992078843997715,0.2991301751183554,0.2280088978762687,0.29456228431464226,0.31015613765621985,0.2425255701904288,0.35870582167912557,0.2790327482457261,0.32189983659216403,0.2961517180220129,0.32334568803218583,0.2065423549262878,0.2916133271319442,0.24912052474213175,0.2978119179751547,0.3384742489402058,0.3731191677895584,0.3538276416195534,0.3236598512071917,0.39203542613260856,0.23662947329201361,0.25671858381381557,0.24830775459198887,0.26761397603280623,0.2537114210659385,0.3526875488474334
0.3018851273419815,0.2889896774570412,0.25861469393832504,0.3264034924174422,0.27198536290808334,0.29180584261528997,0.38554981259634613,0.2691531292979777,0.23820606939120223,0.2613686297949805,0.3955259873334634,0.4681971156897951,0.27791251334139166,0.23691220353883022,0.28364953379727786,0.3053779984201075,0.32781135600758976,0.26484632949037706,0.3742642789209858,0.2829833199305184,0.4433037264352623,0.28962837617077003,0.29484143608468727,0.3323984539125716,0.3723631607679643,0.311109884800727,0.2451806010161212,0.28020439155684734,0.2726654059197365,0.2761352167726209,0.3137137296359676,0.33579202793327406,0.28242786718971485,0.3602224242352647,0.29072730491400656,0.2998998149950617,0.35969089875696214,0.28804558237265276,0.37207123768105577,0.3214625156359289,0.3220390486591584,0.3227232459787425,0.3130974360121694,0.4186627789633384,0.2996498364997544,0.2752413072362743,0.2471525506247985,0.3272291350221321,0.3769135564345163,0.2851804063195304,0.38919333008466434,0.3368943524791767,0.2285861161258649,0.38463498370814186,0.3467774549535182,0.2635303882346668,0.3513217880439343,0.35145280808764423,0.2900528550145677,0.2880893049293224,0.2763451053716756,0.21979484604572844,0.2935171301595988,0.24521864297067242,0.2572139644969049,0.28489807108327253,0.29744206889284125,0.27126177051779,0.24852901228734126,0.2940641370821847,0.3150505809695623,0.24842521632486972,0.2890329111193164,0.36183547539515776,0.28836817184546853,0.2780785364541608,0.366092850339595,0.3312633502101718,0.25828532408761967,0.2524125223305415,0.29314337381893313,0.30369011612793007,0.30585438853441893,0.23973511402261377,0.3040819927536832,0.28665257571706027,0.29634193166197764,0.27628147973497996,0.265828624135397,0.2783194500737765,0.3477791994885524,0.303849116936089,0.3206714626925063,0.322704106196894,0.29166162830295245,0.3175995870448274,0.23840257484712474,0.31367682208294845,0.23294801008754903,0.2857587485300496,0.28152842303995407,0.32225224190222324,0.32961446151784274,0.2769337213327284,0.26186025512738265,0.26399968288922515,0.3120205446264945,0.2970675922129151,0.2894595637133627,0.3620231636434905,0.0,0.3172071101463751,0.29446090537613456,0.28359257950346317,0.2550007576284018,0.27371345046473533,0.2840266829900937,0.31626465870894765,0.3444176732957981,0.257059629342182,0.2809146711861891,0.26136904170579006,0.28698615923420234,0.3803658971949883,0.23474831016224523,0.34677340988735383,0.2501781934511919,0.2925413358341329,0.3019316115214064,0.25527417214706044,0.23425409249701423,0.2964907385652048,0.25212799789963625,0.325847591276347,0.33681754324849317,0.24921301992248285,0.2778275895225579,0.2877758334787949,0.26617252877199893,0.34818697433916534,0.25032110446223765,0.31341826311933363,0.3122889260112325,0.29417369642269314,0.4310229022845376,0.33576601950732715,0.30678316825343765,0.2781618246884102,0.2954257185233844,0.21800096994027085,0.3628501823379098,0.29308355609938236,0.34623144580058607,0.25582187249032434,0.4218681315299988,0.30122907829617024,0.27800864228429506,0.35097227760945315,0.2576664379434393,0.3246148518433327,0.24117822158051969,0.286959394487524,0.2695177751840194,0.3771245187925525
0.3347330807189602,0.2685092180208983,0.23120061132960593,0.2991535900347646,0.275915909784348,0.23518271480884556,0.2706458841600862,0.2915107893979245,0.3394851440562896,0.24446237554380637,0.2698039625845741,0.2992864351040832,0.26011015533901,0.29536462652201023,0.2405580302027154,0.27241661155381536,0.2927410498694621,0.32125101777601295,0.2889706826307146,0.3121145950705499,0.34811188885205446,0.2549014594693622,0.295353764676275,0.23770994644446736,0.31408488347381497,0.33186551004393194,0.2679035146125159,0.2481056975496899,0.22696067206013587,0.25708144265790706,0.304450668274204,0.2947503788343481,0.2610972645495408,0.29968719946681716,0.3322275016119983,0.4156058687324948,0.2854541350927642,0.4318007528230976,0.3029826288837285,0.29710909114308337,0.3234954591761146,0.30624840626392247,0.31906957196404784,0.3137788245913117,0.3034189009738042,0.2954275087873865,0.27835012309159335,0.27266181026329045,0.3383673281176017,0.39529663798486653,0.3328996580192843,0.3142766540875608,0.30171330314966965,0.28246367805199174,0.3136333831304426,0.3091150506416365,0.37481402549241555,0.31047817358285124,0.31354467016212717,0.33210620333261687,0.253399724509971,0.31514356922286946,0.31097700806048345,0.3768328970722599,0.3403228672155021,0.3175681528693138,0.31808875573707973,0.2587529904730123,0.304653967842643,0.28227105637685307,0.33504527971850095,0.35288122154188994,0.43586471754298334,0.30477344684675334,0.3058204521272058,0.27490101900430464,0.2776619254888774,0.28796156836715275,0.3418142117522189,0.2509869168635255,0.2688709263453927,0.4031362149519256,0.26000595655782094,0.29333878608018965,0.5564461664721718,0.3663694207533954,0.3201276059230233,0.38959991449770826,0.28659804784421605,0.33578676975372895,0.380889255201065,0.3588181317943252,0.32002257996833383,0.3168468100317924,0.4490014707426313,0.26867822254433005,0.2762013031659737,0.3175674114432837,0.42855260476039114,0.2952266276133665,0.30367071804471274,0.2959619762566297,0.4336549099363417,0.2779776955835893,0.4234795728002416,0.29892946130662834,0.3216598382046436,0.2914016818123541,0.2994798556913641,0.25546238893599016,0.3172071101463751,0.0,0.350649597678752,0.37587062818121203,0.3357045819261189,0.2763180212086584,0.29382643356951726,0.28163830796831585,0.2882692279496046,0.33420511745078957,0.372288621195182,0.3479375234548286,0.37271239864618455,0.27525094630991037,0.36839930998411147,0.23834235443463572,0.40410595995657933,0.26254072459196726,0.3081656511170239,0.32680173140941393,0.29080354401217123,0.28790692336108303,0.29445376369465526,0.4531387284294359,0.31280532172553555,0.2708100769753431,0.24900341624851005,0.3311424249254328,0.29715904676412763,0.37158800348944465,0.23170585210471242,0.3393201144606317,0.372010577111195,0.45590798006052075,0.41111980969686657,0.4649160413125214,0.316649516475417,0.24315248082906912,0.3222702849179059,0.29766460906121084,0.3615659743847208,0.2946460130564555,0.33329078450526706,0.25747494817055033,0.3318258084039584,0.30755230230963243,0.22296318186409023,0.25573388698429705,0.26810816781055946,0.3395811769434594,0.24796950325542388,0.35098412084459396,0.36965376551553963,0.3473165357887251
0.3585210198030461,0.32521458503721895,0.2660462573696692,0.34074118124360564,0.22676466122994718,0.3605759394477588,0.24611577506818613,0.35327535262671944,0.33001099422474633,0.307721626387956,0.2812920917573543,0.258827795517679,0.3413235042319099,0.32718678838140003,0.259071866311009,0.29784629164311477,0.3164251993920919,0.2940318807566737,0.28295275908655093,0.32540452163326833,0.34750973171513244,0.27285937998045373,0.24337585236858236,0.23598871551089068,0.35373379218120016,0.29208260275850195,0.23492530336455889,0.3002536274999165,0.26451410073695003,0.23938368921280617,0.3423808795347299,0.33672718639525806,0.2923682206283458,0.2959062003806492,0.3488620859543769,0.33516261779375944,0.34316204902764536,0.3722204403851885,0.2614247506843397,0.3065572652563199,0.2886475893503197,0.3144683428889686,0.2780148205810065,0.3262679936510056,0.3195479594859785,0.29275096912101084,0.2448777293620737,0.305691150376283,0.2884169302132237,0.3270003250666654,0.36326328538168107,0.33766791036962734,0.2817249307382048,0.3302201641556352,0.2940283016395404,0.404481590262398,0.3443937664004181,0.2893789974038044,0.30800818191177604,0.3079977560884131,0.3994871178527645,0.30477065244874335,0.3127884857448936,0.247133023230622,0.3073443341405379,0.3398027716947998,0.3909051104811513,0.30683460551625885,0.28450648147746377,0.35768555511331057,0.3620823894611696,0.30980689118698235,0.41196128734172294,0.3600460877500566,0.375122778786564,0.3057670295603266,0.2986460588312371,0.2661645166222119,0.3266909007567633,0.33122718982072263,0.34900039431515933,0.3970084551257225,0.29117560430346234,0.36653435784716804,0.41540507630140855,0.3680845558711749,0.4069319198140574,0.36178825268737125,0.3258502646716443,0.33976584724599085,0.3265832539993084,0.3290158289248298,0.28206908255436147,0.3236784897578554,0.4006387011774933,0.3056530394377295,0.27853300182493845,0.3198828027009879,0.2784997747246959,0.37060484896049917,0.30939280896739807,0.29930286483342766,0.32146045979712656,0.2577129956360355,0.3759801032695027,0.3148276911970181,0.32788733575737805,0.3225695816717415,0.2737219259841307,0.29221653724244023,0.29446090537613456,0.350649597678752,0.0,0.36497701518514253,0.32312353222124335,0.3093191796659765,0.34156996518258986,0.24693850390430946,0.3248625869618608,0.336410304104531,0.28982215655486465,0.3988180436844333,0.42677154296706793,0.32626391446719444,0.3755132507319958,0.28016660250242514,0.39662426781791593,0.23882995941814822,0.34789979480727695,0.30293189222941375,0.3227546415832554,0.3465491462230536,0.37312666131962663,0.38837485198128424,0.3272229116465688,0.27122706713650935,0.2482271663344009,0.3071307123518855,0.2589865124980765,0.3365465442698377,0.28016051840235157,0.33681226443904017,0.4057633252912717,0.32397198083593315,0.3501862273263244,0.33882716475068514,0.307487330704615,0.26707184987884564,0.3330223676094538,0.2280007025951763,0.3843120211424582,0.31440839281410365,0.2610890998568848,0.24285832129551482,0.330943659448162,0.3744179271289598,0.2875063706886611,0.3259908174117955,0.3185107708838026,0.39264708257231756,0.28758959691471714,0.41813633590142274,0.33421199082792397,0.31635220504716305
0.28246335721262383,0.2601284880957138,0.24570521479399815,0.32582704387195405,0.26757048227873165,0.25709285939571064,0.25180745981634833,0.31474742636260267,0.3430129130276431,0.2815136842378884,0.2798986997767176,0.2700716890425487,0.28969250822910897,0.3506189076854417,0.2301219057537612,0.31533032013841167,0.325856077899135,0.3010127364701432,0.2518442648381269,0.30285245312781117,0.29848860670888033,0.2557537839612952,0.2803940287986607,0.20424081938952943,0.29548191840147764,0.2762071977197014,0.36052654993233824,0.2994973767340937,0.2386083162534645,0.2737000063394315,0.30367862364950843,0.3111227658115473,0.24808722331931796,0.2921346051500401,0.3163120787628018,0.30283704889923585,0.2829552690390208,0.39586775164048343,0.2868233194259564,0.2636244041881427,0.24411949100643124,0.33612465286624393,0.27664031339254447,0.2637899343385038,0.2902878204313632,0.27511912139386885,0.2329186560739291,0.2403565669189575,0.28656773791181983,0.3239218436902684,0.3061897832288361,0.24900117750387515,0.276156230106782,0.27377628669920606,0.2739667061956148,0.2964487206871336,0.3101109577653654,0.33265997836871003,0.3239441742679303,0.3029383009454297,0.2997776571940571,0.2827320452121886,0.2569970827056962,0.33773285197179725,0.27104269303942197,0.2805136439301151,0.3635201616236045,0.2468901340102701,0.33101112502211166,0.3408879201501409,0.2731253113300469,0.3267590830180087,0.40053628819511,0.3212722304279273,0.3667349974564373,0.2667100313696303,0.32690926030572737,0.3024619321266855,0.27791393510076007,0.2480386542031999,0.26281747386199805,0.30871216529382056,0.26217423810052376,0.2959900633780201,0.36690189860965744,0.30562858204629695,0.349912042201075,0.3945487799823418,0.3386253075512147,0.30420711189355526,0.3493001008970362,0.32439407309648505,0.2796569523865861,0.2597479602079747,0.3552350003699815,0.2543964218259939,0.26895501985558656,0.29196447970367057,0.3346287023635207,0.30739488283251587,0.3085801529112541,0.31796358461675706,0.341142651263932,0.2448454482210929,0.34992005510277463,0.2870225949053285,0.3255538062336358,0.31831036398433016,0.2665416022782634,0.23331407783851346,0.28359257950346317,0.37587062818121203,0.36497701518514253,0.0,0.26386705777389713,0.27426469165001804,0.290018179826633,0.27313692983817384,0.2573939741247785,0.4181825292960648,0.29749852032634744,0.3528531516729499,0.2800369359823765,0.26836722670055096,0.30091711193430554,0.24006905990785785,0.3617398599310574,0.2631201824585147,0.271250418148265,0.2975048067740871,0.35474443265135314,0.33333388041595363,0.35018072162673247,0.3531719835604516,0.27526249865181407,0.23138232391273458,0.22397400337424772,0.2668503089947716,0.2856963736970762,0.33736503762813236,0.24370767574895766,0.36933993562904227,0.3557556239751117,0.3957924639745881,0.3519287745491585,0.3293947820536459,0.2768959874825449,0.2755754749225973,0.285685497774295,0.2999380787404207,0.3054228566803903,0.29745045594194364,0.32523362339656964,0.24082615172364757,0.3003812075614428,0.3101187532291094,0.23663466951873652,0.27648456368707713,0.2584099307691225,0.3326154630855334,0.25460667930153374,0.32162789593203434,0.4005000112912058,0.29594813362352984
0.35184410821449325,0.3224728339065075,0.24481991895178343,0.2912666146480482,0.2162730438445029,0.25765528078760674,0.24681683353327863,0.29919758132013835,0.258653917604921,0.26825827729304236,0.25398964414819764,0.24289341537713066,0.32128887218030394,0.31779849787203795,0.28464192689131573,0.27806881268371914,0.3167029346568537,0.39974667099828204,0.2833528742570611,0.30091985441258384,0.30996936409826203,0.24434328120789045,0.26399175301698,0.23939428743873958,0.28216379020198384,0.32130724459552956,0.2303410913840985,0.28396769872684396,0.26043270594721074,0.22212871746658283,0.2835480910965222,0.3120380369280981,0.3165559854879972,0.274100571777784,0.3184546629920303,0.33339320338757866,0.28874362152711996,0.37129825315769177,0.24344016540842525,0.31927216966222033,0.33317550243827065,0.2312286424089015,0.32904216586421875,0.2769895897303632,0.3621732562610839,0.45015486536218297,0.30293681254883154,0.25375589503473533,0.31265846609592934,0.36357245630654267,0.3579501460115617,0.36403296751074316,0.33556857263809464,0.3203137542678363,0.31659620097840335,0.2717612158949704,0.38240513001617404,0.2505901081918057,0.3386291743404394,0.4030160584279891,0.2921229934884738,0.3390448039383298,0.3765951535122815,0.26130406054223787,0.3487574014557426,0.40298169814358686,0.294001021127733,0.2783303507176396,0.32102497226361304,0.288830431097898,0.3216944343852505,0.38264418369546455,0.2870664117854123,0.3437971036187692,0.3373415902213444,0.32537781051768305,0.2619455511934545,0.265674871603003,0.4564446991075889,0.25189116713025295,0.31145348499356484,0.30693772497398386,0.2880253940430883,0.39659963887035704,0.3635867891945324,0.39042424958022925,0.262346183090432,0.3360559689994581,0.3821240128341548,0.2790846532909065,0.3102192783635081,0.2733970007047374,0.3180588883951002,0.3877404904593294,0.34281818932390984,0.2517678384899247,0.28894459336385886,0.2716860167812845,0.2578539645874144,0.40858149682843,0.29427009871636617,0.2542333127890671,0.296032430376875,0.2503624207197596,0.39674021886694993,0.36712234629805895,0.3413296954325597,0.2752758533103724,0.38553509339186165,0.2425137024960514,0.2550007576284018,0.3357045819261189,0.32312353222124335,0.26386705777389713,0.0,0.33922714247620184,0.3784286179914208,0.23947613229173303,0.2627792400705815,0.2757383612685753,0.3076778047299625,0.2917198750101001,0.31423960543076324,0.3247699739217281,0.2616380279196711,0.3026682162984978,0.30140897256583543,0.2646859790879666,0.3526083187232824,0.36660795009563957,0.2526211267992251,0.257597300813608,0.2933103945667096,0.29220969452002693,0.2553094599380599,0.29330412256236693,0.2916000913751394,0.3561240262489369,0.2838877542281332,0.30343192376515044,0.31705326881403834,0.28675867653781006,0.32623408625254174,0.25908143470166645,0.3007053030406111,0.3193415720894083,0.2559935708880554,0.3227178979188065,0.2990699735287187,0.2213335169564719,0.2971746194772788,0.35775997019516326,0.2647448007540266,0.23990326678371038,0.3012114514707608,0.2917923870097828,0.24137531591233075,0.27555489369367503,0.26891342824799985,0.31928549752451724,0.3295634218308221,0.32197378307325003,0.24685825301855002,0.2792509956297368
0.3528050324906552,0.37327098355259875,0.3419855820816814,0.2888676917204298,0.254915050515791,0.3148052739777525,0.28823540778919665,0.334000348098017,0.2890911721509986,0.3298997260405976,0.2960904307979322,0.28154467342228967,0.39296298230612303,0.31641311202811867,0.2891832274937213,0.36733466648824425,0.47360932888217977,0.3460685523803501,0.26491354823644647,0.29883393704932526,0.33528773704704523,0.3321992064826244,0.2939294108698217,0.3174739663042847,0.30024498507402014,0.33186727128191906,0.27748711870712667,0.34809174482128535,0.2852528673847371,0.28268655154386757,0.27512681254255517,0.31503902666486866,0.28658272824673725,0.2740408944190972,0.3053794664858977,0.2568996120624531,0.3082122672452683,0.3152113149233734,0.2406623956052178,0.38508313087126733,0.32360360553715306,0.32971598616334136,0.2749073452965382,0.2735449590580167,0.34990922090531257,0.3325895476388022,0.292416517280085,0.24589291220537773,0.31099667348408133,0.3022338471988585,0.33591716283400674,0.3718924527150027,0.24928107972786942,0.2994404632313284,0.2623680700537082,0.31322656535219706,0.33506775995072613,0.31604184527521834,0.28748474332640744,0.3190060023501724,0.2829202429165141,0.23940982836922345,0.3034491315452195,0.22963442347438576,0.2414008892991216,0.27042192174402174,0.29579120764734645,0.28949075246650424,0.28070590953609303,0.31401061427064103,0.31018848756945655,0.2879961490748126,0.3025486379191148,0.38913636699908666,0.33869029005420603,0.24736164635553273,0.28683776703117675,0.308983890199192,0.2867279896768977,0.2717765970094554,0.2781733122656657,0.2783564540818113,0.35024399745826057,0.3059256984611122,0.3235184286196523,0.4082362290358429,0.24589954854134635,0.2629563863717754,0.30971205467498397,0.28207112094921155,0.34557599582842263,0.2581110671698273,0.3109742406644506,0.2754096838003517,0.3050398445805887,0.2628968176595309,0.20967172430876724,0.2852379292545623,0.22048877032584516,0.4080836667679266,0.24246592903597597,0.23278543848377387,0.23512715607776444,0.2394821610950403,0.2857593351947099,0.3838313262845186,0.29651766934865603,0.3514167925102997,0.3497509871066106,0.3169920199338263,0.27371345046473533,0.2763180212086584,0.3093191796659765,0.27426469165001804,0.33922714247620184,0.0,0.29640142232361655,0.2405749307466984,0.30325927266739555,0.2914182731394589,0.319807599720056,0.25416534079153325,0.2888209752338278,0.35895931953334914,0.23581934626577722,0.310700741314099,0.29047305057819117,0.29369404004105215,0.31129987008750043,0.2792707597836394,0.32387777755828984,0.31835780247298356,0.2623904535120788,0.2756519410893065,0.23101595129979527,0.22454322160446233,0.30298631406528465,0.3441718998213528,0.2736141871687832,0.2650989289727024,0.22347945325628257,0.2787857003907651,0.331589170787455,0.235111966181814,0.279375935403414,0.2960046102920655,0.29913969250517497,0.3037804535032809,0.30507216665200904,0.21644041193203375,0.26663283803893123,0.2450466805589091,0.2766270563616381,0.30422760244126923,0.3065492088555403,0.27379790226962203,0.30036752670805167,0.3725746405467556,0.25325849798428496,0.33893448568735135,0.2619582545592567,0.300873100062829,0.2329378536838186,0.3610680467798188
0.3485782617965319,0.3037047332487313,0.2261489786341095,0.2757511696517094,0.20872222773234178,0.28773665363723816,0.24771865037742322,0.3129506416309672,0.2749089336205373,0.2996937965089232,0.23679363079995722,0.2532095159683855,0.31126305051683445,0.2775558161324535,0.24962513675780243,0.2930379601031491,0.3399155949897165,0.34411245754513786,0.33892860630383337,0.3554005785329896,0.3083342035152263,0.21637126308020058,0.2794886221478839,0.23923178769813733,0.35147807301943645,0.24905754753074624,0.23391476020163426,0.33100076629863945,0.2502051021322058,0.24428460872316057,0.31689893958536774,0.38193469054951895,0.2577002412762802,0.31646499391078864,0.33712163547513513,0.26570910873166875,0.2750050403232512,0.29961012259821695,0.2302759469248756,0.31374172113568694,0.2765240999576153,0.2882876382337964,0.3053171496916654,0.2652741353476441,0.31268558202605923,0.3656648879295141,0.3096126347687298,0.23165974488279067,0.3140909684835359,0.3019099052434629,0.3234537500592034,0.3472363625538204,0.3197778711166466,0.2624270258150422,0.26031972266828657,0.31493438124796735,0.3629230235239094,0.27081438070303165,0.3431825309271434,0.3317265855808738,0.3024315345569402,0.28499059061183735,0.34960778822135075,0.2515703080867896,0.3244233214987071,0.36676772581698835,0.27651915388862497,0.24889581978875794,0.27783255558840586,0.3084155033611617,0.28288645061776657,0.31589355839976685,0.3051050423267442,0.3237016247421831,0.3526617283706839,0.40601031627383954,0.25022414319080344,0.25133339382389797,0.3371246145331522,0.2816009061372027,0.3678899413740525,0.28761890971960447,0.2746141358350136,0.33272451192030855,0.3672309709749911,0.33318764499547326,0.31638017351922865,0.34366347885333826,0.42713656035751746,0.23855357018839868,0.26696475195255165,0.3084194918898667,0.2811489849902373,0.3748674853919334,0.3025770577477927,0.2346276625965008,0.2867334621952909,0.36298384910926357,0.2571567524491472,0.37519408039932056,0.2647867774987708,0.2739281604348922,0.2856901809892349,0.2672914272899592,0.3445404325572871,0.3111641021469271,0.32411178404374413,0.32103970516461466,0.3367359019470283,0.25357120301062286,0.2840266829900937,0.29382643356951726,0.34156996518258986,0.290018179826633,0.3784286179914208,0.29640142232361655,0.0,0.24683129560490966,0.2745402402260631,0.2738501412095508,0.24489921812036108,0.28241906158137775,0.3403329821420341,0.32864789551155993,0.2871453265590618,0.27855431411865794,0.2826299966662421,0.21560969392957544,0.3199681879729217,0.2853006902009887,0.3132857341968374,0.2815846558357626,0.2679050213122302,0.2795682574028522,0.2421639018405264,0.2813641724699522,0.30143398668231275,0.2865712788883007,0.2617893561464687,0.30740338793532823,0.27889772909852956,0.28517776126851324,0.3511814566868867,0.2691602045116503,0.276909212437355,0.3140983242275528,0.24179633091954195,0.30273362050450936,0.33735201971664497,0.23518632118833607,0.34024412316620156,0.4401798878257306,0.25312698930429034,0.22316557877309182,0.30967605238690177,0.27455415215977536,0.23026862842681253,0.2771652953311142,0.2706809068416866,0.3079441875284295,0.3314649951298619,0.4158700011458281,0.2948201677258938,0.2604614980398512
0.3137275860180722,0.2646528110933448,0.2871911522482867,0.23979367197035883,0.25262569178156613,0.23665888495820886,0.28881311552808336,0.263943014579473,0.2625604319442669,0.303143077883602,0.3014022391289122,0.32853847747971476,0.27997960824948626,0.23720189712584597,0.28014586263848684,0.3314030063514968,0.29557521380399887,0.3088528786698365,0.3585066559313777,0.3102193407513053,0.3445605036849089,0.314009655247152,0.28653999743851516,0.2735162618984585,0.35725470316314745,0.22492180169125903,0.23673230386983288,0.270556974093579,0.2829659749525112,0.293622661798637,0.30609288160318876,0.3560622664335608,0.232129940123333,0.264780366566444,0.29251824515389596,0.28252412011338296,0.3034088353504008,0.3268842134842293,0.32782979441512916,0.29060967477683586,0.2531779595985471,0.2551850828685537,0.3339357267571639,0.29683761654587587,0.27095818831440643,0.26950509413569557,0.23063387956478767,0.2998661950798187,0.40747579202514317,0.3279781466859119,0.3024773349210036,0.23824852286079237,0.2211146451509276,0.2956620916124264,0.3520902326749601,0.23461062158864573,0.35305850389669086,0.2828524517124468,0.2967171621995514,0.28338941126829065,0.24017428764862037,0.2238105472546512,0.2497453491895446,0.2705727257101216,0.2708497454949058,0.2501966543427816,0.23967443802487207,0.25556000273658175,0.2870815133874088,0.29798135025016076,0.2824056003981159,0.2801161646816936,0.23618665499689934,0.32476343188725215,0.27397656256994907,0.2540819027086028,0.2983696532598791,0.25356828303028833,0.24129507264338135,0.21466061205244585,0.2308307739928242,0.2865661178579337,0.26987624416176387,0.2391461285343019,0.2772545225039769,0.28072583961073416,0.25177513090863113,0.3004226661382278,0.271621966751291,0.22204823586657846,0.29378204910762434,0.2432978881655874,0.34324202333857906,0.27142085705104113,0.27516585097239304,0.2881307096067923,0.21719700770276526,0.2340728685939346,0.23283387758615184,0.2436748107442451,0.2745039428511636,0.3240034519110562,0.24512264262901137,0.2956144858644808,0.26248564037623584,0.2582228781572691,0.28422909179672795,0.2671728383419315,0.2612531898298071,0.27888384353222156,0.31626465870894765,0.28163830796831585,0.24693850390430946,0.27313692983817384,0.23947613229173303,0.2405749307466984,0.24683129560490966,0.0,0.2626343719763285,0.2250997535004958,0.30252783177815346,0.23257240144584038,0.24166359470763285,0.2850337127176267,0.24595739789182802,0.30846167549273085,0.2395675542245589,0.25513983806959734,0.28222402092403165,0.2855098451510219,0.24311226839947644,0.276795947262175,0.2528350021948889,0.24904135571408798,0.33054884875299784,0.24723611786504904,0.27423058020104807,0.2969110334988977,0.30489615862832803,0.3703378819825364,0.21556861128367935,0.3165175006418483,0.27659141526479775,0.26127685101884646,0.3177713058553166,0.27703628915009143,0.29014070350758037,0.25787334228992825,0.3457696278969464,0.21965113236366074,0.3036381585282262,0.26480188572411406,0.35809172382622007,0.2601067905746725,0.32954411945058987,0.2935260114748698,0.30226947088688016,0.2624648294083161,0.2298533646092386,0.32734699975289167,0.22024357399776504,0.2602030156175463,0.24578309035928816,0.3065617599291045
0.2749908230500262,0.3080434864202547,0.308984071412912,0.3006519787804575,0.23629121463225605,0.3547089296838655,0.26252782816161857,0.2890872360245837,0.22677232680777662,0.297249712043335,0.31822958143851166,0.31257160707371856,0.29139060094812186,0.25172742646090807,0.2292154007705374,0.3370839032317538,0.3688089640347993,0.23987384350894742,0.2925723111577813,0.2775975320375454,0.37543756298292685,0.30416491298078147,0.24294723485139919,0.281090346356654,0.3484468611536047,0.28876545550216315,0.20187724824831849,0.27830230093679353,0.2862439665108304,0.22223909501555458,0.24409537010043802,0.2943611918605435,0.2611176359500527,0.25765202141106275,0.29906729166807083,0.3200908798762766,0.304295870812993,0.30688684006790823,0.2712579380497422,0.29339711778474026,0.31783983516225955,0.295776749018828,0.2710914620239254,0.3845465419447341,0.27224158762119655,0.24875337098171382,0.24300976753703182,0.3253206923022136,0.2986671244591059,0.28487719777642945,0.30771687926562896,0.3713054518429323,0.2319647923704656,0.3522291781052089,0.3023697435673297,0.29593120584312915,0.2949520589090459,0.31819524290918205,0.2714240489749417,0.24502360779174226,0.2918287987585595,0.22774264947136477,0.3248261651123345,0.27357788415805784,0.23054575403027372,0.2588254394295412,0.2594712954332715,0.26410883522041734,0.2696720064758852,0.27996984364853655,0.2882078476661129,0.2507274214333755,0.31610600412470813,0.329760450957334,0.3013884088735815,0.22080787970077217,0.2809178860119681,0.2664448244173016,0.25597348947182097,0.25161112079987125,0.339471844139018,0.2628084882734062,0.2721105792296613,0.3147382661892266,0.32528373349791995,0.30855014895570443,0.2701684806905644,0.23617347139503053,0.2429174456032616,0.24541813799445902,0.31404869219350023,0.2586354567013883,0.29674010670524165,0.25102438290279017,0.3325806006662961,0.34382767311299894,0.22251115457923157,0.3323856488861038,0.22895279631544996,0.26405655287353397,0.2531627285299959,0.2642441331519923,0.2856927517517304,0.3012998525993001,0.2623825172238544,0.2862374745548767,0.3078041042367107,0.3613838046511666,0.2595419201490389,0.34460138343651725,0.3444176732957981,0.2882692279496046,0.3248625869618608,0.2573939741247785,0.2627792400705815,0.30325927266739555,0.2745402402260631,0.2626343719763285,0.0,0.26464804822759785,0.2851881563161737,0.27532684479232006,0.31703269553100216,0.28199592337552576,0.2601339104866868,0.292047230969649,0.28932605253268795,0.23578989675639428,0.4023391373077245,0.24580921015698595,0.2601378773957426,0.33162207491254336,0.24868409566756777,0.2822414865774714,0.3112148374320534,0.26081367347004547,0.26587358297961056,0.26224408890607587,0.27061355991473524,0.25450729602780514,0.2554023602938736,0.3116538762200962,0.2843278736488669,0.2785045134807202,0.3385996873960122,0.27882201409851576,0.2888075668604166,0.2644054322819419,0.3365619999693818,0.2676407286419328,0.2766208525713513,0.27054328915953374,0.2673126174475918,0.28317353718987265,0.3793241239756526,0.2636711737715421,0.24076419212253256,0.3344354696810805,0.2625240366345077,0.2958950931833682,0.262126811697508,0.2772653600618026,0.25522425600672866,0.3111105026630751
0.2702641458011803,0.26405314588580375,0.24368453892314906,0.29173511522550644,0.24849968050328253,0.24465039550342288,0.2450247550669501,0.28662465917892915,0.31984354762694495,0.26697354789643113,0.24607756929082514,0.23260252910796347,0.24488596257986187,0.37811530463530185,0.2150278639711487,0.2624499175252061,0.28307606315750194,0.27796088093401594,0.2303672158409439,0.24998582599220062,0.2722019160868229,0.2381093202845675,0.25886294894362033,0.19602618270986927,0.2770452841781492,0.2805347724966619,0.28509132282443456,0.269628128235254,0.2475363296054738,0.22628786633899511,0.2732510305729256,0.26127271312120515,0.23963521811922978,0.28992959495511283,0.3409774476538177,0.32220475894294165,0.25450474904285564,0.350806304073145,0.2360473409631601,0.2533612921818347,0.25280566321930714,0.3087109322167335,0.21932542549280942,0.25432463749686524,0.2608744809782676,0.23291018642366235,0.2343086624972983,0.21924524138251536,0.26890949065478176,0.2599776389273512,0.2648393401493524,0.2883156161676399,0.2448916865814097,0.2531515493535569,0.257817837216711,0.3271179677144553,0.26200832075949626,0.28342161629683343,0.27492364156965565,0.27378683801917075,0.2513618910857858,0.2861331987920089,0.24850150540118388,0.35716877747974396,0.24302789436215433,0.23443243933151084,0.31408873008883964,0.24118014266645657,0.2785847414938171,0.3088060998356506,0.27725252825942576,0.3146867591155814,0.4036325874360264,0.2757251629756341,0.3005890786416748,0.25523236268790206,0.25866296480726575,0.27860024740326905,0.25998218243897686,0.23893119988460065,0.25716636095395873,0.31119306127744095,0.24362361904544885,0.3007301185088618,0.33385912615215496,0.3067758492920025,0.29649281215960666,0.29942793567722037,0.2953139369758743,0.29700250573838366,0.3421173164526447,0.33418537546401933,0.24695267245330246,0.2374182197828389,0.37709716828932255,0.2615507539945247,0.2453998414993272,0.3308454016873085,0.4056068034152997,0.31407871408849314,0.29745144041875243,0.23530677154202764,0.32199912415014803,0.256808367263368,0.32151197263401404,0.2544290349002161,0.23680590219324046,0.30647659931218657,0.23582471011408696,0.2191850026599928,0.257059629342182,0.33420511745078957,0.336410304104531,0.4181825292960648,0.2757383612685753,0.2914182731394589,0.2738501412095508,0.2250997535004958,0.26464804822759785,0.0,0.2797861718405363,0.37818840753905836,0.2901773050440239,0.25647586095779923,0.3094520491970095,0.22996195208155806,0.38514766303688963,0.24167490812051937,0.30468733179786134,0.2625983838603642,0.3358593579173748,0.27755161676115697,0.31986153470624645,0.4065558079043773,0.2361429227089307,0.21850949698163152,0.20673003732535983,0.27237215942033655,0.24804102951692236,0.260553579121496,0.23606904637357315,0.3451806610543592,0.3357695185743835,0.34200997990103615,0.30161824327465375,0.3341387172225277,0.27104087118573217,0.23266548051904673,0.2708367204752232,0.2820088006686316,0.28313353058922125,0.27504607243704887,0.25535495997580626,0.22225987223330101,0.29121652615744387,0.2604048313674242,0.20255802364034214,0.2577569906958796,0.263860153027437,0.30873618183219576,0.2605566513173492,0.32412897461008394,0.3683328585103377,0.3073774870022525
0.30403953542359324,0.27933192822267683,0.27665220428464826,0.27550210302242717,0.3444325562971067,0.2474487493317679,0.29071561851426403,0.26772959318327416,0.29133148168485723,0.24577116514161487,0.29467615475555886,0.2594441399675743,0.2838926216822196,0.3139859979540546,0.27541492643833465,0.3328622279794612,0.33019243250225294,0.30652589497614935,0.23976574900451297,0.2960754983362385,0.35317952214954407,0.29842061322499097,0.2536880243508867,0.292641175291704,0.25602864896241395,0.33048972444731334,0.23451554726105342,0.23628822734036575,0.2645823288663486,0.271643049197,0.2860964387789706,0.28559315779504507,0.26435872342576494,0.23723590184293813,0.35885059046638734,0.3321936930088449,0.3098434440021717,0.3804485106098926,0.32550404610626094,0.3202828421857346,0.318984185039049,0.2733197539104124,0.3044511752954921,0.3896952468682173,0.2826310819341514,0.2907334406980938,0.28319511153909505,0.32380493096271784,0.33340842440523744,0.3941075032094101,0.3389300313891553,0.3263433272510416,0.2788058500522142,0.3027338024775604,0.32130968455097814,0.2717767748451719,0.3466811042683826,0.3010157134366295,0.3206019563752064,0.32050059900334316,0.24468342963164083,0.2705841990122871,0.28746129665848646,0.3210047515594014,0.3181363738192711,0.26913548615750776,0.29231830408351317,0.2945002046477913,0.2780605972466728,0.2641992290341194,0.33986084114672316,0.3830979201525068,0.3006627545199023,0.3370377806613025,0.27601867533732366,0.24613000287173592,0.32376699653831736,0.3329442077004281,0.2905494251734952,0.27232016535481435,0.2637926272445061,0.3061348934412682,0.31534675128198575,0.2702119047167945,0.3578539760798773,0.3283500392220538,0.2555647823800453,0.30953473910344254,0.2549378151176105,0.29067401245990776,0.4139338716771601,0.29575387141645637,0.36782736820927503,0.2829968180473906,0.378626930758245,0.26608395827595016,0.2382182845072664,0.2558310832172584,0.309476093953395,0.2819212950216737,0.31153241851223534,0.2703900150657462,0.27143364586534136,0.2252476082997539,0.32219390847906065,0.3471905508643576,0.28153683597647766,0.2707020806769819,0.3114147743360346,0.2896315640656127,0.2809146711861891,0.372288621195182,0.28982215655486465,0.29749852032634744,0.3076778047299625,0.319807599720056,0.24489921812036108,0.30252783177815346,0.2851881563161737,0.2797861718405363,0.0,0.27540036995558254,0.3046940390867726,0.32616197627834786,0.3324038414747149,0.2644027225748536,0.3127929162365539,0.3197647622365457,0.2909884748155098,0.3357649394039807,0.2574863580173883,0.3232337502716425,0.3095592400536152,0.3261702774097811,0.30686777035945173,0.3078987047185461,0.2794032344707,0.38582275375605335,0.28188363053135235,0.3098664425831563,0.22085184933493535,0.35285710853901864,0.328301979401317,0.29432761704713223,0.36657548200057494,0.30672372236479345,0.35852217928855423,0.2700284209342981,0.267666927147344,0.23585705339318377,0.30031494064770137,0.25781474610085336,0.3325257003569958,0.30145565201419655,0.29546274817063434,0.29673928120109055,0.2534004005179461,0.31318723971426743,0.2729978024508604,0.31836418562067054,0.23725538729630416,0.3076801637719013,0.28418641097006914,0.38261152781026514
0.26646947438226015,0.2614605906170056,0.23925520329690098,0.33078692489455513,0.22983723517661925,0.26323575555254414,0.2529211563999028,0.367414510434216,0.2957533373106198,0.2655888180148624,0.2308714422260579,0.24952208949916044,0.2585150611960338,0.28966690836342573,0.2473487460208503,0.26500719216564433,0.26045107862782274,0.26002750869279134,0.25206144637457517,0.24907677712815832,0.2943272413355035,0.2326202731329335,0.25221606543394276,0.20184359729562162,0.2947908203862076,0.2970066315562985,0.2568175271825257,0.24440714825445914,0.23792371698649797,0.23735872915501993,0.32147246875291985,0.2729653384603011,0.2863640851379324,0.26882879722383446,0.2914333628136818,0.34996014386467195,0.29468148011422296,0.36067401467291643,0.2656197122589044,0.25975064966021477,0.31187774365744625,0.25792113084543294,0.28067987312530635,0.28791221952445406,0.30358610808089986,0.2707728281354102,0.2595272567340316,0.24797444075309202,0.265033877417426,0.30701683198882074,0.33543010217589936,0.3088517304130402,0.27000583834907427,0.3067140101064736,0.29667947482590445,0.3402948721556669,0.2852375636271891,0.3035727951932197,0.27248783403032184,0.2872375910205036,0.3292451433568663,0.3382487810274882,0.2944014812174655,0.266282685366184,0.2694916652602025,0.2765459635984075,0.3171872332850741,0.2766206083324846,0.29768518853157694,0.3599930367164361,0.3230731319753115,0.29636765152177563,0.3198644731776894,0.3022475544002201,0.3029200903122366,0.26326573582829654,0.2945296823957603,0.2722570606056448,0.32945602023173376,0.24824223396174083,0.28013656502656453,0.36894376502686815,0.2552050311579269,0.32052868567103665,0.362671287312037,0.31946427470358146,0.36035830365630733,0.37179441687430803,0.3085097390549609,0.290435895447004,0.3448024685813829,0.35156712953057584,0.2736134784620205,0.2576184400881472,0.3788004515965977,0.2947209406739519,0.29021172106048926,0.32508504402985267,0.30289099572577605,0.3149969784060565,0.28823649381220745,0.3294920767275622,0.38153532006841484,0.29072378943097704,0.35058728985109,0.2910467864535941,0.3059040566907848,0.2704635373888774,0.264539478752395,0.2212823483856644,0.26136904170579006,0.3479375234548286,0.3988180436844333,0.3528531516729499,0.2917198750101001,0.25416534079153325,0.28241906158137775,0.23257240144584038,0.27532684479232006,0.37818840753905836,0.27540036995558254,0.0,0.2837207761847399,0.2762022259214502,0.29930441746145353,0.26388280157496424,0.39141636742390357,0.2572895098647395,0.31230432556694987,0.3027274934226748,0.2921245732761603,0.294860131607943,0.3375745390281745,0.33427574172811275,0.25982729591560383,0.23773080756267506,0.2149377997918112,0.28637032036816085,0.24393806419192215,0.34007978721008003,0.2685717565495311,0.29090221480884937,0.3691932365511479,0.344072728669331,0.30405425446663836,0.3388940440861109,0.2998572368826817,0.2576532697729892,0.27524267155434134,0.22535052249691195,0.3361824971676552,0.30755758487935864,0.2497668634878672,0.2528248260088206,0.32402313284288753,0.31323061981670536,0.20790394243641286,0.28578390911435936,0.2749512567001193,0.325059232041939,0.2781146983348857,0.32377350760942386,0.3967403431411975,0.2537986683561662
0.32952969712915275,0.2959021937981035,0.229205553215802,0.26457835119552103,0.2179819383581445,0.2839117621421266,0.23768984855051728,0.273399569282306,0.2888001074157569,0.24294887855031705,0.25916107642833797,0.24965618848163748,0.2818758876078846,0.29289250488045326,0.21417166655820877,0.27374992962897543,0.30741501255514236,0.27186703288509945,0.2784731290976691,0.3339229504477086,0.34357479702473287,0.2446734991205156,0.27784542564795256,0.25317174697373773,0.3238935983891815,0.2947208854633889,0.21605651834976614,0.27710511108721964,0.2507476668442109,0.23128127022217596,0.2664250267331616,0.3052858661673982,0.2414598436332912,0.31568082623698374,0.3362457927083811,0.30802863574280004,0.3158306798178973,0.3397931524642872,0.24159680278445883,0.3092377106572512,0.26947435144514653,0.32119035412533303,0.27046034007426034,0.29265286817783365,0.31455918675182115,0.2749566700908857,0.26777750095763975,0.2800930262086985,0.31396169132049584,0.30314430340942905,0.28780871880250986,0.3291688395188868,0.2585259323089755,0.2624489250343839,0.2630993194449105,0.3818143736485217,0.32749939053941013,0.2712623181292581,0.28253959280230884,0.29593846913951166,0.27851741027864485,0.2707646969810083,0.28135584626724497,0.28462762816309695,0.27463665013201993,0.29668539496871277,0.3143974608752125,0.25956302555283056,0.25935589709625717,0.274271436446589,0.3010937478215609,0.298266331738549,0.4001456288037988,0.2977974285089808,0.294932507002817,0.2886239964604766,0.24952773376005305,0.2515229725722729,0.3368784880414227,0.3081407569480998,0.29210529745154684,0.31473014815319683,0.25396321626595536,0.3109360388045585,0.4359767082434498,0.3549236053214753,0.35500207174968296,0.2815421599871918,0.27122541092883057,0.31592093685387085,0.30134166428473635,0.317732081774317,0.2518486855924796,0.30619124294143746,0.36219595046068154,0.2618826717863832,0.24837557191973517,0.36926659762798786,0.3066319057729173,0.3019070623391869,0.2793191547820293,0.26537028742668645,0.30660181239785833,0.2422261836831761,0.33801104166164053,0.2992801631550762,0.2755147979997546,0.34591325285666946,0.2691254667276445,0.32738703591957896,0.28698615923420234,0.37271239864618455,0.42677154296706793,0.2800369359823765,0.31423960543076324,0.2888209752338278,0.3403329821420341,0.24166359470763285,0.31703269553100216,0.2901773050440239,0.3046940390867726,0.2837207761847399,0.0,0.26951136800037845,0.39274623706519707,0.23646583651808456,0.33439150065449275,0.23387049236054913,0.3553296719087427,0.2644755831743455,0.29334609057709693,0.28688802394971213,0.31601044212037005,0.35246063191965143,0.31172125452209054,0.25059839971113484,0.2720355373525367,0.2936847219987796,0.28228530593041506,0.28787769211315617,0.2176347427199018,0.3568032347455998,0.3440580783858123,0.3027440637516741,0.3379315946421656,0.37427115975166525,0.27551337742759646,0.2214955387779319,0.3419540561985676,0.26787533361700394,0.34239443354419125,0.2670876095100147,0.2677442918883447,0.23428213971974263,0.31498664658535896,0.3018118041385384,0.25755799946945623,0.2586526772090467,0.26037303906252157,0.30354603851607204,0.24675447929954253,0.40284069540189743,0.31070596590524213,0.31143619191176997
0.38246424840641,0.358671811987491,0.3141233339997063,0.3062596346545735,0.2935191581642773,0.32486915439926106,0.3681997399793907,0.3119754968775202,0.27815206999334124,0.3299700081445719,0.33224387436476005,0.31557703460827446,0.3624104040302467,0.29051488695461164,0.37270636711361443,0.3559337990014145,0.3705905253748894,0.3416590116364416,0.3177350427586034,0.3110335572107367,0.39672147322023704,0.3177103470415019,0.2860345474914452,0.3541148437330693,0.3468792352376332,0.3278235001588986,0.24123320826919928,0.3056286899470566,0.293186022553931,0.3179088146339838,0.3518116596539533,0.3740766217976683,0.3311132928211007,0.3080052765553854,0.30559726888768507,0.28049699540719064,0.4125631827625107,0.31130450912416324,0.32882703145168823,0.3869420131428554,0.33234965324281995,0.3020842488242,0.3415862470940456,0.3866067578414094,0.33775178749086493,0.38775187856091897,0.3170817418899652,0.32043361468091935,0.36919750297116033,0.31516346129577943,0.5083519435560067,0.3794190259747907,0.2673144509916337,0.36564667667109507,0.3337384606578029,0.30616486401207216,0.39212951125204687,0.32121308531673126,0.34487116002981905,0.35658193672283794,0.32057129796503686,0.26710698450762704,0.33725338692758183,0.21886568069168494,0.2882930082877423,0.31028789621731245,0.32708977157814,0.4360940615581967,0.28502464908161074,0.3417202522871165,0.43596901315067843,0.3080254971479798,0.25976240501421677,0.4157461500549736,0.3027625223761553,0.3212483008419287,0.3651688701749393,0.37568330779274156,0.33423020281306104,0.33361882162532447,0.34789411191576686,0.3256523792442466,0.4984278986170715,0.2816269449247412,0.29567603698033773,0.3724676104870191,0.28619857286006956,0.3438898347229227,0.3474540742785357,0.30934633339771594,0.35840722042776935,0.3154866816480627,0.40316822807738506,0.32382244957710865,0.32744947591156265,0.32669428000022893,0.25512861240518153,0.27921236264483473,0.22508039596399257,0.3894889158747194,0.3116377430949347,0.30543013723949175,0.2747494378526502,0.2731486408659723,0.2983396706402658,0.3973680995545627,0.3176252201274358,0.2965037644057032,0.394798995785187,0.3737499277304775,0.3803658971949883,0.27525094630991037,0.32626391446719444,0.26836722670055096,0.3247699739217281,0.35895931953334914,0.32864789551155993,0.2850337127176267,0.28199592337552576,0.25647586095779923,0.32616197627834786,0.2762022259214502,0.26951136800037845,0.0,0.2473771954781345,0.4312766694665509,0.26328547324647505,0.3371359206697164,0.29416046466189094,0.3254874542708517,0.2686948703099637,0.33363377707010045,0.2841947100440368,0.2763239732130065,0.2775472710543086,0.30357552183097863,0.34733627288937097,0.3338372884610392,0.2683203377060374,0.3748573585546377,0.27471887110687665,0.29873115093923325,0.3773760176217067,0.255454651983854,0.35487379194081886,0.3037182749274393,0.34843646090197267,0.3881975813631333,0.3186438228961268,0.1884600707329906,0.3325329284383361,0.3189747858448214,0.2995117492780691,0.30906816374738383,0.3628611095409521,0.38597292913518033,0.3147471109888905,0.447632149110884,0.281287005575822,0.35917854294676294,0.2939131693036001,0.318278946363668,0.27325440376042415,0.36457328779433185
0.30483617183861844,0.2709055788034061,0.2051505003913239,0.23901769002046624,0.22992359586670386,0.25667434113810517,0.2339407123841415,0.2509326099154033,0.3897734800922644,0.23566833942364662,0.22807854248702217,0.2068231356396781,0.24802333914075433,0.3477500246967497,0.2285711135065925,0.2329471730223809,0.24079001313945012,0.26317046701436914,0.23690466371472502,0.30259108605373397,0.2658103475938325,0.25140069699025275,0.21976565726688208,0.22021839501197843,0.2740902748838385,0.23818303397175775,0.21391546903764305,0.22837658454229653,0.24209243223433638,0.22054285465455511,0.31153437821500685,0.27040571280133824,0.2303637882635791,0.2257601077682847,0.3896149540294124,0.293018805269354,0.27613921879963216,0.3379470981553526,0.25220391751852583,0.2484802770750141,0.24982644741951102,0.2751054620445948,0.24982468837777133,0.2969620259861175,0.2595190988561494,0.22319546679773394,0.2344631979621776,0.26142900920100914,0.2721728213701391,0.300168170092532,0.2631229837852286,0.2539540680425109,0.2837675222754426,0.24984912742695986,0.25453880751194613,0.3552633720266447,0.28423667869813446,0.22622000241138435,0.31006897592031735,0.2521724224012393,0.2691879977365862,0.283075584564159,0.24764176938559687,0.31799503347150126,0.3241620076244905,0.26246805270416895,0.30614006151239803,0.26583686313272104,0.24773037240543855,0.2631878872251555,0.3116035061996376,0.36474396676927306,0.40688906878466163,0.2538476368247378,0.2584161414861517,0.28782787229656337,0.2241924025951848,0.2271357495000838,0.25673892180604113,0.3037463040071794,0.2760238002593128,0.35088766645413105,0.24699270216146163,0.2802804565178908,0.3690406670939108,0.29350650542485424,0.33086362483124143,0.3374821615810355,0.2543678298927021,0.2934282945718995,0.2730936900074197,0.3464522191330402,0.26760510120641223,0.283806727870208,0.4171391344835031,0.26345112983403096,0.2908375811211165,0.2888831932049096,0.4281488939650999,0.2620067051748696,0.35611266916965856,0.23585259586382262,0.3001606701587876,0.2299814689522166,0.3557324679506427,0.23231970692724238,0.23511632487716422,0.2561766125589774,0.23386306407255275,0.246035397915804,0.23474831016224523,0.36839930998411147,0.3755132507319958,0.30091711193430554,0.2616380279196711,0.23581934626577722,0.2871453265590618,0.24595739789182802,0.2601339104866868,0.3094520491970095,0.3324038414747149,0.29930441746145353,0.39274623706519707,0.2473771954781345,0.0,0.2189058824098819,0.3395695348065289,0.2098566433408547,0.2575726789904518,0.27932936596541214,0.29944079569239945,0.26698645741453736,0.3429742124983033,0.3945890697706077,0.2996401352621487,0.3093669659433969,0.23444005519042088,0.2959626077871947,0.24899873631491862,0.28510078191385685,0.2545585425016425,0.3267999151724808,0.3379445023486055,0.354109665886008,0.30986115634093814,0.29061364162066006,0.28609362291742413,0.2161789449031413,0.27997431289392116,0.23218324262095036,0.3394852802231924,0.30004936215121064,0.24135086562913627,0.21686085603119018,0.2446263915727074,0.30578243298070523,0.22454552915478673,0.22905928569838924,0.34239591290758875,0.3061572730453533,0.24003428774869556,0.4569785860679409,0.3462240823518659,0.2930477709444419
0.2985538367090905,0.3960158361718553,0.3330898298562095,0.2920144597708819,0.23044385697619582,0.33198779868823536,0.32662629569347046,0.2969733938512127,0.23195275358085488,0.360903253996541,0.33795921806964174,0.35526834436844046,0.3697632838011926,0.27552157258360244,0.35391713835392513,0.34947721660768466,0.31353922819510205,0.29013077371764623,0.3120898266185465,0.2736649234452799,0.3092825930553989,0.32448601688714895,0.25308139331580726,0.296945732782132,0.3423698423622609,0.3050446570900242,0.2375131514702367,0.26725233471843096,0.39771110213201866,0.25326916315707215,0.34824715592967853,0.3685017660537585,0.3635897478978806,0.2640864242769253,0.2776478933335989,0.2855125793404797,0.3726637655249757,0.2933071232882725,0.33804478755778206,0.3262190213147912,0.359912922993963,0.2408827671709227,0.3106269209785098,0.3450605285606076,0.3541965012040112,0.3253372947816868,0.25911861876212094,0.3235997273215061,0.31930656851521544,0.2799565145640537,0.38293001692143264,0.3067501442666587,0.22651845912758675,0.4253626189698475,0.4087395467108696,0.2563781110610816,0.30361491195696144,0.30705250537047946,0.3034515698520022,0.31476564455350237,0.3173560892922621,0.23965608945655545,0.2758543488071862,0.21465929117329094,0.22966401438817782,0.26670639850630984,0.3007014490671978,0.318468370264163,0.2813977126459501,0.30981779291859624,0.34082453661979834,0.27783007900806306,0.22812778174654982,0.37044349417626343,0.29546622248638255,0.2817798721923177,0.29702475520693283,0.330979919795251,0.2969160114699016,0.2653026658791713,0.28011637196165096,0.26364549193421855,0.3499432243849275,0.2864500830612524,0.24916851959126946,0.3219714153625222,0.2633436065054296,0.2986187949178117,0.29652960195818057,0.26698501317811074,0.29791251109225053,0.2733027332188283,0.370984903605195,0.27234498842177274,0.2558982054819189,0.3814546918168301,0.24218344156315108,0.2652885398854903,0.20076500252833876,0.34240631857316123,0.2981827363622311,0.289111803674353,0.2561220794223991,0.310018048922572,0.2691933008721737,0.31430083768775696,0.2971953055712878,0.2640796387099244,0.35603588932638064,0.31684967231156425,0.34677340988735383,0.23834235443463572,0.28016660250242514,0.24006905990785785,0.3026682162984978,0.310700741314099,0.27855431411865794,0.30846167549273085,0.292047230969649,0.22996195208155806,0.2644027225748536,0.26388280157496424,0.23646583651808456,0.4312766694665509,0.2189058824098819,0.0,0.2230352746572825,0.33656553757876223,0.338308880174592,0.3144058064683207,0.2445785538959809,0.2753839693557005,0.2595524737946158,0.2401034223129427,0.28534061962644647,0.24655390832362578,0.31305277606662774,0.3211738531002462,0.28006482823274065,0.3363553828173986,0.3055136552581405,0.2883561459585642,0.29221078542053536,0.2338331482327377,0.34177531270924444,0.2685127910621287,0.2743984520689062,0.34623837770916466,0.340940289787898,0.1893145708771386,0.28741914263494767,0.2975005654788081,0.2608358399689401,0.29647681286433025,0.3373694916902836,0.3116037360770274,0.27931830694544435,0.35726399780022083,0.2786988687619924,0.297819200503938,0.278705239132421,0.2906056967784126,0.22552137634152375,0.2856012706133591
0.274695532026626,0.28348837347255135,0.24724808562325473,0.2945970405070508,0.22502969547661952,0.28376187503387496,0.22809644293970516,0.2965345011556823,0.3174883303315567,0.266341762083993,0.21731641570799923,0.23106812935631102,0.26220879668614017,0.3480684839626485,0.2244354755661171,0.27029858692298714,0.30275689107404685,0.2740883079938587,0.26189201298086173,0.27883994535314155,0.3139232649995765,0.247451845950468,0.24157312539311612,0.2055478257095917,0.27279318067081304,0.25415852110270803,0.2387225235518938,0.26010529985749403,0.23430267190847293,0.24743890897094545,0.27219375958562775,0.309856859979279,0.25532473189293764,0.2667623929303531,0.2926243618199881,0.3800680885717341,0.24426848637387816,0.38294975248791313,0.2522322324397627,0.2741645254773002,0.29556291088187614,0.2870305238466973,0.2550600122477014,0.2552129291401875,0.27796180200191645,0.2764492681793459,0.2560388900562293,0.2145124292571027,0.26155362177924457,0.36364650233416357,0.3162720588066138,0.305803662426529,0.31889722934802683,0.278480995836661,0.25933760259309396,0.3546488214017218,0.3374812811621728,0.27203230506985887,0.2997123001548194,0.3696375893128204,0.2910567117641636,0.41057476282985017,0.2844251922809437,0.310089637457966,0.3362990057766072,0.30650812434187685,0.3000956156727496,0.24809381057629754,0.2822327256730933,0.276837132382244,0.3105807681265448,0.32059776061911543,0.3773645542957398,0.31821880467760905,0.3350474958720842,0.25916643144946117,0.2736543674094668,0.2463016222434794,0.290894207763126,0.28172308971016047,0.2973115939081099,0.3897279450560994,0.25086408855814485,0.31812165366577316,0.4496600866411642,0.3322590871648999,0.28134709449118767,0.3473575833793347,0.29434134634851106,0.2983908102332697,0.31180135593246344,0.3392533286521713,0.2910000384086409,0.3028298665202403,0.4338997169454642,0.23869300435415716,0.2977491387755858,0.30191185934299436,0.3795209942100526,0.3255485478285481,0.3009992568549313,0.29060290682878737,0.314833654813962,0.245135353070916,0.3901997204028419,0.29326460181099967,0.3420411567873192,0.2742210075932047,0.2713238754604286,0.22942246282926052,0.2501781934511919,0.40410595995657933,0.39662426781791593,0.3617398599310574,0.30140897256583543,0.29047305057819117,0.2826299966662421,0.2395675542245589,0.28932605253268795,0.38514766303688963,0.3127929162365539,0.39141636742390357,0.33439150065449275,0.26328547324647505,0.3395695348065289,0.2230352746572825,0.0,0.25272654432022024,0.3234626957547634,0.2912374103174142,0.33853474786738535,0.35533413219591575,0.31774400378880713,0.39491408276400597,0.2610492651968038,0.25198287263517927,0.214823092844055,0.2716406210039202,0.24176070911240286,0.32466632877533086,0.21887216142120813,0.3853674442819355,0.39675597525773293,0.3848709083706643,0.2871824208806063,0.2974606540852311,0.29059428723624914,0.2688498569727729,0.2866550881712409,0.29532470927713306,0.28401368348414385,0.2829010229509787,0.2792033395881169,0.2649542186258058,0.28041907754461365,0.2875705105729034,0.22665384295572494,0.2597406404387924,0.24671648943360072,0.36081068351011736,0.26689995222889606,0.3219848802426085,0.3942018148700591,0.2710840536702372
0.2472058351753232,0.3107192362665588,0.28365508086198316,0.27885280581747124,0.2575664360357038,0.2619150783847419,0.3250367664745292,0.3206772443819642,0.24682374971004772,0.2623871968429172,0.311177752909312,0.33046524873113786,0.3144362265907865,0.2705259628560401,0.3049019923179758,0.3369999023657457,0.27913077704012135,0.254062021321627,0.23440207119451217,0.2422823697757539,0.30809163768213665,0.30148404909333404,0.25793205585884393,0.3092566410952664,0.2731839972678188,0.31714714584004383,0.2617170862088187,0.21652107510811325,0.2633232994922657,0.2762356068257911,0.32299351868356796,0.2896353037350836,0.2864932016026044,0.26354679534538844,0.24659009079609315,0.317508574449471,0.35520888656969085,0.29131081705722933,0.3554051412424427,0.2883641150855317,0.2809791608944711,0.2599945485241327,0.2946260294121051,0.30885989915839024,0.38225700241791394,0.3001175981581838,0.27424415930918544,0.30063347445298627,0.2893982723379266,0.2676244551304807,0.3123524968622382,0.24814568759405328,0.21585157867018331,0.32142366519197846,0.33546335000701166,0.2577797737134037,0.2660891081447025,0.34642621699404824,0.2749679155465382,0.31056540940975425,0.2836179313411075,0.24533391741881963,0.24367923410744938,0.262987964410853,0.2184568382661057,0.230563093647745,0.31594606131326725,0.3030696145020595,0.2559555404091551,0.28308162471025333,0.29014917729576806,0.2620206607824714,0.22544102002952193,0.32526413716729413,0.25261669574787976,0.22221557152074048,0.36319125737152674,0.37500560854533205,0.2658938999632051,0.23092746729605793,0.22928123285779994,0.2550837221480075,0.3323269012192686,0.24788494028717725,0.2560253403295412,0.3009689847822349,0.2740248845942655,0.26087174749175185,0.2581805182068573,0.31927127754575846,0.2996585373764576,0.2804888745070571,0.3040494875032859,0.2308136364573298,0.2550596034488054,0.3073674809182554,0.2436753063744814,0.25731610518170595,0.23452348781815027,0.2870888668549257,0.3111222359208549,0.32437278089326965,0.23998249757831816,0.23450559746766328,0.2551341754655774,0.32338779043681404,0.279370636750428,0.25929131370607245,0.3131300008290136,0.3437399417409011,0.2925413358341329,0.26254072459196726,0.23882995941814822,0.2631201824585147,0.2646859790879666,0.29369404004105215,0.21560969392957544,0.25513983806959734,0.23578989675639428,0.24167490812051937,0.3197647622365457,0.2572895098647395,0.23387049236054913,0.3371359206697164,0.2098566433408547,0.33656553757876223,0.25272654432022024,0.0,0.26847133155091996,0.2800009912634623,0.24850071559503786,0.278676064158759,0.27212698078850167,0.2416205484552023,0.282727304401272,0.21927276301016355,0.29490059877074587,0.28469635993904124,0.27947319104362034,0.31786269766702524,0.22481582197502423,0.3195141674185615,0.2821233112095667,0.25765523659669143,0.33714545905089155,0.27360704024331706,0.3325972258596521,0.30689217554550097,0.2544439453305346,0.2167018763892644,0.25962366202362097,0.23330909203012473,0.2805356942021484,0.345303378340357,0.3116175802597978,0.3339207886729744,0.26014327307620505,0.35118827442481676,0.21864698067202878,0.2535685615938022,0.22782216727373003,0.23093319532219117,0.24485314122426116,0.2810572135045483
0.2760961112445792,0.3711351740908299,0.3084331157654416,0.3032596279751406,0.2257903331922819,0.29661402838666445,0.25540479812558603,0.3403415254564127,0.24747884330793768,0.35129573988260937,0.2807970180552317,0.30874105766016985,0.28958995532531145,0.31063599374606393,0.253112853838256,0.3360160751726331,0.3597657631273098,0.2730396667288797,0.3129378023083398,0.2944967725064725,0.3551843423855312,0.28499547600287345,0.2715347434257326,0.25582387514669425,0.36646516850588245,0.2993845015812212,0.22712979000827274,0.30374117630692793,0.3327940871285639,0.21781981607993287,0.29636606849947367,0.3284836426033429,0.29195636996002405,0.332961011542008,0.35096659596535246,0.4087466518892867,0.2902349773130481,0.3671808899052182,0.27670803679619094,0.31444914502859156,0.3486239595180816,0.27280338002982807,0.27864277043516644,0.3216137081649435,0.37409440517791853,0.2880627435284123,0.25153925406294464,0.2996921041800109,0.32838013968541685,0.30643393291869786,0.3058731565696815,0.3486512102784795,0.24493158591556224,0.37857166965457306,0.37984398771742484,0.30970606833742476,0.3012721235261596,0.29657112909809974,0.3113318217937341,0.3192497983291223,0.3100232581177713,0.26237003606259746,0.28305803703196164,0.3028342817350495,0.24784138375361303,0.27169592499026723,0.27996730038128503,0.2475778919375762,0.3025368171798206,0.30332279403515894,0.27500384264306404,0.31911382154989015,0.2964289385987152,0.3407028889787041,0.32968330346928193,0.2428798879566168,0.27845583302149157,0.2803747672588938,0.32889366132225295,0.23316753490490347,0.284401872589501,0.2873579514064793,0.27804353559301914,0.3568672329604189,0.3572981429872711,0.379877039105165,0.2720245788123809,0.2664865077529288,0.2902970314311444,0.27671042882956726,0.29067160488316746,0.3023846679388053,0.31082725387112975,0.2698963480548841,0.33208536153719037,0.3320996320656021,0.24689160590561027,0.38467266596672817,0.24917362095374745,0.34023127352878507,0.296245677465112,0.2899025288455206,0.2851356000303477,0.3344225482177446,0.309353562802597,0.33004743536390246,0.3130791026377762,0.36410258157063824,0.2894165838732568,0.29874451247942146,0.3019316115214064,0.3081656511170239,0.34789979480727695,0.271250418148265,0.3526083187232824,0.31129987008750043,0.3199681879729217,0.28222402092403165,0.4023391373077245,0.30468733179786134,0.2909884748155098,0.31230432556694987,0.3553296719087427,0.29416046466189094,0.2575726789904518,0.338308880174592,0.3234626957547634,0.26847133155091996,0.0,0.291178158478591,0.2883509833191264,0.28559966971799516,0.2740318056754812,0.30020959922560814,0.3102666802366711,0.23740696995729185,0.2708834312507961,0.325119933199539,0.3120103780865613,0.29288793447866274,0.2597119616479722,0.35353189266413493,0.31917649558005395,0.28167107609138425,0.3415591419039046,0.3341595523001216,0.2651692010438092,0.2667343793146681,0.4275607246379834,0.28384270867105793,0.28817631113109016,0.2946770730840343,0.281289195701062,0.28656382444455003,0.3889385668799006,0.2869221273994492,0.22992972121409,0.3215313333630567,0.26313768780242036,0.2983641640100084,0.2879664505133579,0.2996725507805546,0.267547599013036,0.26806240596193937
0.3375893747299146,0.3174060205942591,0.26537431536259626,0.31422495471466655,0.23804017229597169,0.24416511276002925,0.28596825019427996,0.2998598282500987,0.2904989028314389,0.28052549296131124,0.2525273033779114,0.23533945772587755,0.3304086487892143,0.34908294928447775,0.363276706950747,0.2661622357332192,0.29269979217231007,0.37808312269203387,0.2718321441089875,0.3332661164390419,0.3011049112454344,0.2972868965302404,0.25843956727311096,0.272064884819937,0.2693258343512064,0.3032223499695791,0.26126041453566046,0.25798017565544096,0.2755975132345616,0.24045564629652366,0.31231649250273963,0.30325614801834255,0.37365416780489125,0.23505305916958047,0.3030176043412246,0.33298563009523974,0.31061575615171944,0.41759294636393773,0.28149565146769073,0.33203943297924327,0.4175011224460791,0.23971532842243445,0.36549046859318485,0.3048401621461213,0.3296761924003856,0.36811584469218345,0.29861947738693295,0.2671663069797526,0.3232480408998327,0.42341896085551345,0.3499445491331546,0.3102490185828709,0.2939239112195719,0.330187407104567,0.30253884774765677,0.27518758996632875,0.3744410443389671,0.23953374834245633,0.3837968804628596,0.391117000132643,0.30309763397591016,0.32571928583764115,0.30018163410520726,0.2877850306628152,0.35975419995890767,0.32335075260028434,0.32498121572042704,0.33831775207554105,0.37363924343708105,0.2935881200011064,0.3895638873152193,0.41088304509585216,0.26187018542560553,0.3489936353524398,0.3331473281894356,0.2934726825957322,0.2880429578685474,0.28099925695374134,0.38465844017056255,0.2371274040161627,0.3065555192736468,0.33203772402030146,0.3040312215228453,0.35289132169935056,0.30679692912983325,0.385553203586733,0.26946802402297526,0.3848574028692503,0.32498008733043493,0.28973054971973766,0.298670828914473,0.28131134181155254,0.3359419079134615,0.31986738233630874,0.3327067917549199,0.2939688694460507,0.314930490633355,0.2589472374133811,0.2727754250066773,0.33769346899189984,0.33942457563493006,0.2864902211287023,0.2759360265603913,0.27687491314608614,0.35113888446550806,0.35316627542805407,0.34704026533758087,0.2533721644837897,0.42591918376001575,0.2434633552388266,0.25527417214706044,0.32680173140941393,0.30293189222941375,0.2975048067740871,0.36660795009563957,0.2792707597836394,0.2853006902009887,0.2855098451510219,0.24580921015698595,0.2625983838603642,0.3357649394039807,0.3027274934226748,0.2644755831743455,0.3254874542708517,0.27932936596541214,0.3144058064683207,0.2912374103174142,0.2800009912634623,0.291178158478591,0.0,0.2775738150179781,0.3060602514747356,0.2775549662687533,0.2882921466552737,0.31114215474722545,0.3461934540347875,0.30550565498396653,0.4185726480154662,0.32443820218843006,0.37711810051242567,0.34033497414090735,0.29723264471495187,0.31559851187752347,0.29188025152788566,0.3551478825825432,0.3069298529229335,0.3082234999246963,0.3285295407323998,0.29363735559664633,0.2154863802819757,0.29540164904737926,0.3175588751835994,0.3102871698963871,0.3251409870306375,0.29199113347962874,0.34059118260444915,0.2839229476679817,0.2805666723834286,0.30398113676159844,0.27695798449109726,0.36641580878495084,0.30968175050151814,0.3013880656766139,0.2761162989460096
0.2916978658394653,0.3181217893914828,0.2802717737350013,0.24241904429493533,0.23005124823930193,0.30107114392798145,0.23034347017765633,0.36048046738404393,0.41150196440750236,0.33362281669220717,0.22972734392683647,0.24062101288269186,0.30084280955578496,0.33605306283028524,0.2295435694125168,0.29417534695208336,0.34061529941275104,0.29718239213882247,0.2600894037347563,0.3014548582841575,0.28818717761266116,0.26716788166719035,0.2492282886870769,0.21791513635087661,0.308647994061656,0.22666898656392948,0.28631852600707874,0.30633352060365676,0.24004931343451916,0.33959394340138355,0.3281358887474768,0.3408747787150738,0.24272383317903354,0.2608522639355495,0.30443517277538273,0.27486117698958945,0.2677351534051103,0.37576370625813843,0.21922069277491468,0.263947052480999,0.25619846937134133,0.37995667108523506,0.2533513098710771,0.24277833287596773,0.31117545914624267,0.25041687865774936,0.2869346848419589,0.20852060283316834,0.28165385879314897,0.28512961109884005,0.26322470591556757,0.26358142999469364,0.2512875480466751,0.24402607069166746,0.2392737989676484,0.4276105327757996,0.27616268361304547,0.28724001310614355,0.29909575328021193,0.2740317607232541,0.2777836732818945,0.2733452917685869,0.25920640612279167,0.27765178190349044,0.2562446985292316,0.24937057815259142,0.2639279831246674,0.26806138012051495,0.3272706544439583,0.35090340948277543,0.276601798507575,0.301863388219292,0.3300630204710339,0.3014880946077446,0.3890074209421966,0.2756770840322661,0.24003182047129348,0.2543061367292523,0.2592975869853246,0.2555382825381761,0.29757042881300344,0.2947425171182577,0.3186588321294548,0.32079951803842566,0.3283523894487199,0.3658008784545913,0.3032518806554991,0.3001256416512889,0.3312997080634033,0.3127414146056846,0.277517814604423,0.3221843605012401,0.2656572996481255,0.24616619570357645,0.3277248488779559,0.267507550898586,0.2723979193829596,0.36377748257165116,0.2878356023644617,0.3164778577280339,0.26388684209410546,0.2563875232894177,0.2596354856216958,0.2740903915229103,0.331642522321752,0.28785568725791727,0.2765310799736832,0.34692868546438893,0.26519787211509027,0.2491602633465227,0.23425409249701423,0.29080354401217123,0.3227546415832554,0.35474443265135314,0.2526211267992251,0.32387777755828984,0.3132857341968374,0.24311226839947644,0.2601378773957426,0.3358593579173748,0.2574863580173883,0.2921245732761603,0.29334609057709693,0.2686948703099637,0.29944079569239945,0.2445785538959809,0.33853474786738535,0.24850071559503786,0.2883509833191264,0.2775738150179781,0.0,0.3505320339109896,0.2636184134553492,0.2934680643245504,0.2367192297907089,0.23152603132504418,0.26556178083453147,0.26150254185218375,0.2580114552798613,0.3013124381289019,0.22321808830594497,0.3415638538236453,0.33181703725081363,0.3128453446678629,0.28629036577536915,0.2991686005548668,0.29214826900925694,0.2639453877049194,0.3511976153251343,0.2800015945008067,0.25501557879259373,0.2887246533591834,0.2680520995059175,0.2933108511540725,0.2904568949335836,0.28549029042340635,0.23208143694053904,0.29436057079175065,0.22954619377950142,0.2977122708396765,0.2779435320112056,0.339992975778282,0.3174772890216371,0.2498827452443234
0.2932674629463738,0.27842038697825633,0.3909747936857714,0.27653397279223924,0.253030414676421,0.37350185610057435,0.23474683308210154,0.3217905303602544,0.30802396574668234,0.2763555280954542,0.2940491407897312,0.2649362677007115,0.3378548924033493,0.28051731462026835,0.2546147928749521,0.39401833393652963,0.4081149982906644,0.2737555013631213,0.29066468792759814,0.30505106309445534,0.4139653607236528,0.3171349821682048,0.21687537509540075,0.2488800644193726,0.2766522398639942,0.28878366009324724,0.22131695472198415,0.27716729386001326,0.24658331200106198,0.3085430154943219,0.28518202519845764,0.3779569247080061,0.26778277367366443,0.23688074469601997,0.2624316672910895,0.2778400148076205,0.29861817025742465,0.36027819199224953,0.28017181380018974,0.28905412172617145,0.2933561645820971,0.34142753297962586,0.32451491459064935,0.31051055996771165,0.28053030834439246,0.28167053021963473,0.2784251970613283,0.27614991892366475,0.2726009472711513,0.34738891182389053,0.3639830755276725,0.3597774999133643,0.2516125116665209,0.31609170698993094,0.2675197938850129,0.3089586535487841,0.3503583669421371,0.3642646554640641,0.2968058133550764,0.2895830684215517,0.31541448465873134,0.3197912435285489,0.3819317746926116,0.26070984149360577,0.2871314616113574,0.31005871134924745,0.2762168227174109,0.32689909104324905,0.31646619618551985,0.3276326315374722,0.3756111076049253,0.2641690059103222,0.314270611608211,0.41255290543424333,0.40160050677757597,0.23553881822576306,0.360989022865813,0.27419383413889853,0.27687305024843817,0.28908285589811983,0.38102677002443436,0.32051412282210795,0.32976152753209514,0.3213605449453464,0.3342389785336939,0.3441118951440073,0.3060856580545959,0.3017878060924278,0.27236538881407485,0.25415671818664426,0.33366365745642185,0.2575257076692439,0.30742195531719213,0.26594392232566094,0.3239319015783307,0.26016875713247006,0.31692148778874524,0.2898972288780086,0.254983295823222,0.28123446914780603,0.24296280545758853,0.32062252163197746,0.2547395856839165,0.23806339733866538,0.3234779333957124,0.3541094765336234,0.3814261650645949,0.28762020190576787,0.27616128847964516,0.27773223033863936,0.2964907385652048,0.28790692336108303,0.3465491462230536,0.33333388041595363,0.257597300813608,0.31835780247298356,0.2815846558357626,0.276795947262175,0.33162207491254336,0.27755161676115697,0.3232337502716425,0.294860131607943,0.28688802394971213,0.33363377707010045,0.26698645741453736,0.2753839693557005,0.35533413219591575,0.278676064158759,0.28559966971799516,0.3060602514747356,0.3505320339109896,0.0,0.26613496965683764,0.2913793755698249,0.2871450408079416,0.27639684332496567,0.25670925108423054,0.25447201718454565,0.24899354222278036,0.3287455940176924,0.22912227815371508,0.36939316019431323,0.303603475294986,0.32921349885385515,0.31426060879091594,0.25963198003011845,0.366166201998776,0.30281510998256334,0.3012279232287315,0.26581605083974524,0.275992379332392,0.2665473289664097,0.29788764092595066,0.29794003366229943,0.3050110630365363,0.2943742711997183,0.2719424798164977,0.3385085085710289,0.21222982006307833,0.3282191406042124,0.27901256011783865,0.2902414549641502,0.31253713072814243,0.29652399913736427
0.29337388390720903,0.26442556765019043,0.22015989434745625,0.3022330435118889,0.20483609622622614,0.2497876789867785,0.23867336924297924,0.3009541223532069,0.2791486850638564,0.26169317100803213,0.2835481184450157,0.2249393489630046,0.32627992861282457,0.34175926361515985,0.22023670835861495,0.29309280611392763,0.26887873999967,0.27677663452327417,0.23150124609557918,0.29785952306123603,0.2535832225279489,0.23268980069731923,0.2500978655425,0.22365876437854473,0.2906292548813734,0.2754244045785141,0.2822752298372366,0.2797849956150987,0.2575931965597665,0.22735826833642678,0.28483360762549315,0.3072593336851256,0.233158524418405,0.2718108078509308,0.31978476686977797,0.28474975587297946,0.36850204362599676,0.3384942915778319,0.2683850452828966,0.2714711832308522,0.2264863911176475,0.24110072894594634,0.24689016485677703,0.2595511758820432,0.31509193917880846,0.27245099849680043,0.20345298035851495,0.26953688556429495,0.30133875288100126,0.2764202495329453,0.29180674839487186,0.2421965918386283,0.25161932448320284,0.26830321247531846,0.3141673653895148,0.28488402101097343,0.3032354874993349,0.24984298336635646,0.30979096396532374,0.32006821048118783,0.36007773580384717,0.2734212474223515,0.2435308674822491,0.272945795571592,0.2494549082526919,0.28959937458282686,0.39454780146305535,0.2671646828056667,0.27658767592766204,0.3213043686374867,0.2840219177716607,0.348591549364431,0.35504275890011217,0.3198026598615657,0.27825119556551536,0.29618671471421976,0.34036315535747,0.2587430821648185,0.2809394112890073,0.2962766878733634,0.23869618197294398,0.2756293778717284,0.25317064417698143,0.3415459401877338,0.3277074493301954,0.2976845525496833,0.36879816058172804,0.3585672234597932,0.3237332821326101,0.3152005467549741,0.27757877624082145,0.2730298068567221,0.2798667981453327,0.3014590721268932,0.3466342687984248,0.25736413236230066,0.26927567406649094,0.2544480732874293,0.28677099963688985,0.32669458450744737,0.3910995229529852,0.3091910435128942,0.2742317491740411,0.21278382034598073,0.3212613548756886,0.2681122953583707,0.26974972363826927,0.2647340513128131,0.24193241702209495,0.26018951904237136,0.25212799789963625,0.29445376369465526,0.37312666131962663,0.35018072162673247,0.2933103945667096,0.2623904535120788,0.2679050213122302,0.2528350021948889,0.24868409566756777,0.31986153470624645,0.3095592400536152,0.3375745390281745,0.31601044212037005,0.2841947100440368,0.3429742124983033,0.2595524737946158,0.31774400378880713,0.27212698078850167,0.2740318056754812,0.2775549662687533,0.2636184134553492,0.26613496965683764,0.0,0.3132985069275786,0.2934835648325851,0.23458637442626076,0.2384435218102886,0.25870883619040297,0.26702271945182376,0.2939460138804813,0.25541529285669073,0.3254703284212613,0.31896608065966464,0.27921121053279996,0.3059113442979869,0.2643360441925634,0.23836088020534557,0.23922159252797695,0.2523176225840108,0.21520163797534173,0.3532799167447103,0.2639081574920115,0.2828680935518782,0.22302817727635588,0.2549884243129784,0.35779858138918713,0.28308045115945435,0.26150568416944003,0.3126757207894445,0.36003905933601743,0.23594514434385994,0.3407118466266121,0.3013588966730604,0.29165531173209897
0.32977532916519026,0.30974064194152817,0.23260467174655788,0.30733572012081556,0.26479309060768486,0.27059930033020047,0.26444112475062337,0.27494343212126093,0.36902288724463295,0.24759519194439586,0.2824583441401257,0.2728975156647974,0.24622072308378726,0.336425195662506,0.24328191355605255,0.24837492539642064,0.2653967098799112,0.28092700120679626,0.26635778623189554,0.3212440153949378,0.3103040663944786,0.29458320502902113,0.25536030816184174,0.2352830751407854,0.2997925890734511,0.3020988810573327,0.2379045856605683,0.25885245603043533,0.25999682288165765,0.22162803986070573,0.3240243698539198,0.2763580815889209,0.267669585374555,0.30879193310546876,0.3838329043341356,0.3696290133838799,0.2717337822041193,0.36459749646862327,0.29492147282655184,0.2613191540733731,0.2867205139187322,0.3274495489669711,0.2546397508940817,0.3145173905174491,0.28301605101795607,0.23726678244306934,0.23167448988165212,0.2627601806641496,0.28818508990817704,0.32658008913321696,0.30357117120817056,0.30621629378665227,0.2887470245989919,0.2959562051745256,0.29092896890810516,0.33145950183503536,0.31995238991841024,0.27654403088971957,0.28280839650341344,0.29024976914515255,0.27734167448446395,0.2782700318169626,0.2866412605866987,0.3206510783948637,0.3105206022080667,0.28104693133817005,0.33624535612329154,0.2640031271224803,0.26264041523848813,0.29907268649550106,0.3401677720574586,0.31857994980080867,0.43230999382165275,0.285402002421527,0.2983478973241922,0.26786631609917616,0.26482468010090426,0.2690021566989048,0.27250953758389157,0.24197934535085888,0.2653332159066789,0.4463795955130806,0.2638168703608838,0.29278748476316646,0.3680219250383491,0.3291732994063011,0.32155363237558054,0.32138257749833077,0.2580513673174744,0.3614190839887887,0.33788472360722793,0.37821456826365646,0.2866723299659015,0.2952111082768445,0.4430600180403029,0.29021909469160834,0.2861870691308098,0.3116208228273852,0.40186223527547216,0.303296171983168,0.32958230556559026,0.24894436513016233,0.3279740591496407,0.24632039167643308,0.3749891912546129,0.24385624219410684,0.2514433149386009,0.2869493459846947,0.2374952010239782,0.24489677114927796,0.325847591276347,0.4531387284294359,0.38837485198128424,0.3531719835604516,0.29220969452002693,0.2756519410893065,0.2795682574028522,0.24904135571408798,0.2822414865774714,0.4065558079043773,0.3261702774097811,0.33427574172811275,0.35246063191965143,0.2763239732130065,0.3945890697706077,0.2401034223129427,0.39491408276400597,0.2416205484552023,0.30020959922560814,0.2882921466552737,0.2934680643245504,0.2913793755698249,0.3132985069275786,0.0,0.3070674343631046,0.26144599904104954,0.2280904958534523,0.2961349229635115,0.26384505193470764,0.29641852701059745,0.2506830917536936,0.355284419276223,0.3820267261534826,0.4182808695701479,0.36698605823932573,0.3752253313284328,0.3310738228171369,0.2225859655824706,0.29103419267518865,0.24634706627071873,0.38186390235609896,0.29423497461109666,0.2908351635093887,0.2189260619201718,0.2880809721064939,0.30085220194462997,0.2266318143970771,0.2548294472529462,0.29671949940961395,0.31483656666095056,0.2353924292722819,0.3810649866021022,0.3269475708037106,0.387519448848254
0.3114056026238609,0.30449414148576504,0.2727311623404461,0.2906625328906265,0.24853554460009689,0.2717960443329491,0.25830917502557016,0.30702037854912617,0.2726556196687991,0.2713183717742908,0.3411622158469411,0.2869000973146748,0.2992006967964008,0.26027275774171726,0.2864111654381404,0.3019368801760857,0.2736933608349324,0.2824138124207369,0.3007359002597533,0.3331505527919873,0.3584741191421631,0.3365224216285209,0.2378531639372506,0.3034018977816196,0.34789915260548737,0.266909613761967,0.2204917562034001,0.24403354794044685,0.24011534210345065,0.21261255614878433,0.3422469635420589,0.2879984778510087,0.26656559740555663,0.26078036770763696,0.3305332924989336,0.3589908901115857,0.3539832910155594,0.343046153091408,0.39291711122330825,0.26742790511254344,0.2831204192788961,0.26446483141168703,0.31209795022824505,0.36426209314650654,0.33275952868563896,0.2731824861443775,0.21601479192712736,0.41470856302739284,0.31942337953449534,0.3322500263651464,0.3039076138865903,0.258193192678509,0.24362242350132038,0.3538142683303527,0.32726153496745275,0.25977300249855845,0.31241306986431017,0.27679653168422597,0.3127275374529399,0.286328474090135,0.34875485350419905,0.22694467159099085,0.25454304512643544,0.28778506453397695,0.3168285526688108,0.3136513106472993,0.3532394655924767,0.293647537807487,0.3034053339510856,0.3127293242988506,0.3344830265067599,0.2962709934571769,0.3009433399585098,0.32832931886215183,0.31421730952074717,0.2488904075486323,0.2920216029815315,0.24416255206379822,0.2892287519308004,0.2216150642585211,0.2591428029080084,0.3446976100530277,0.26084149921398164,0.28839773075137637,0.30471349315548335,0.307962791951618,0.33289100394059074,0.2870628163216747,0.25138167699902136,0.3087061626221464,0.28773743066382534,0.2763869486538013,0.28169093695192127,0.29443364691590396,0.3117313032988739,0.3331472454872213,0.27619139102566453,0.27278153832240215,0.24362409995193177,0.27188725620068566,0.33580304408871575,0.33358925684322277,0.2836196453568097,0.2824145937393048,0.28319307756618883,0.2645790591390703,0.3147742464624726,0.29860032229390315,0.26215339449878544,0.36772829279752645,0.33681754324849317,0.31280532172553555,0.3272229116465688,0.27526249865181407,0.2553094599380599,0.23101595129979527,0.2421639018405264,0.33054884875299784,0.3112148374320534,0.2361429227089307,0.30686777035945173,0.25982729591560383,0.31172125452209054,0.2775472710543086,0.2996401352621487,0.28534061962644647,0.2610492651968038,0.282727304401272,0.3102666802366711,0.31114215474722545,0.2367192297907089,0.2871450408079416,0.2934835648325851,0.3070674343631046,0.0,0.2876820352901,0.27450182951977775,0.30026647846368226,0.32690940689715353,0.3585644888775296,0.27320925532457896,0.3119448542991833,0.2998717698250681,0.2943194076486815,0.40951723742800217,0.2953668694273372,0.30709750355949883,0.25002682691948497,0.31932702037100613,0.22314060786227186,0.3837772731930868,0.2511344314068324,0.3618591666477599,0.2615420863211881,0.3495761055538507,0.4257866918031028,0.2733429143930763,0.278371315829385,0.25754512309998545,0.2437973135431836,0.2533476959780403,0.2843875130034636,0.2841903004587903,0.33493102102127686
0.30024045192225407,0.2601638969756924,0.22001599710020908,0.2175080690981307,0.2324386202922289,0.24247238192599302,0.2470543353616167,0.22572468830431386,0.24918438006672652,0.22761553966528864,0.2245334463526762,0.20541626162533463,0.26486395186879613,0.2691726801395017,0.2956035543077673,0.2332339483684986,0.25389785658934416,0.2806845115115275,0.22265167028354377,0.2928996479032837,0.2709434228015856,0.2551795162298431,0.1973311250207902,0.2390993867263714,0.23878885372114478,0.22868374150246376,0.17514712391881554,0.20721675432120967,0.22915015086607074,0.2041193240747391,0.267593433350436,0.2607755993532592,0.2517245460105946,0.20307996091645023,0.2896412218447186,0.2512551092508602,0.2662762441613384,0.2875640361362056,0.26517419206617815,0.25633960950923346,0.2934153491946847,0.24647469234643987,0.299842558169794,0.31890044713979304,0.23453483580629222,0.29619788110960116,0.28487805919192355,0.25751559451696787,0.255753910034457,0.334724210150794,0.3071536002172578,0.28018099944344516,0.3186103586249284,0.26767291594983317,0.24714754801899316,0.2720576070481461,0.3082066607323533,0.2086045355539067,0.29761445042019274,0.26056321181084147,0.2521349815755868,0.29756152130522634,0.31838678680950977,0.2545484629728823,0.3922196209047643,0.3536968859469037,0.2566136883672602,0.3175408260965892,0.2502298586688349,0.2392720726142532,0.3837071129438828,0.30961996170934225,0.2472096119646715,0.2722690100796261,0.2632793866197723,0.3111862174599682,0.24592737014782096,0.2240717871977719,0.28279303520610705,0.25645783056597193,0.3968870953594603,0.2752023845959123,0.278328422356458,0.276562362582295,0.2598764742464124,0.27088364317710567,0.23418774490142377,0.28264264208678175,0.2555192621988498,0.2531162071705922,0.25137490957018377,0.2511717717126724,0.28546988148011165,0.34197332722083545,0.3060224851417769,0.2662873957181174,0.3025438754267916,0.23132195385464582,0.24778062760593483,0.2420406311251565,0.29079648537785474,0.2405355153616563,0.23124975303941062,0.22678204291859994,0.2760177795120379,0.27420474325321204,0.29222919160444927,0.2295234969427319,0.31448426325910617,0.24982077609625186,0.24921301992248285,0.2708100769753431,0.27122706713650935,0.23138232391273458,0.29330412256236693,0.22454322160446233,0.2813641724699522,0.24723611786504904,0.26081367347004547,0.21850949698163152,0.3078987047185461,0.23773080756267506,0.25059839971113484,0.30357552183097863,0.3093669659433969,0.24655390832362578,0.25198287263517927,0.21927276301016355,0.23740696995729185,0.3461934540347875,0.23152603132504418,0.27639684332496567,0.23458637442626076,0.26144599904104954,0.2876820352901,0.0,0.2962318967986099,0.2820822494789559,0.2170845400959309,0.2866293903799608,0.29371698696682425,0.2765416563258165,0.27066095751753505,0.2551139615978095,0.3164742119355835,0.2341762875774313,0.2839735931807946,0.3138107196198871,0.25144746906609555,0.1988174661236254,0.2655419675611765,0.3274748031025851,0.23912218527950557,0.2468722349599809,0.25435674819664256,0.2989518546709077,0.2287947119410326,0.24940414600834102,0.24956735351068646,0.2639685524090553,0.32326728697022955,0.27898826627696527,0.2693365223495702,0.2710597329028421
0.3587884069579836,0.3024903674419193,0.24616714119337862,0.2083396704487195,0.22792655457381858,0.2900843844090822,0.2616863689816518,0.2723727048047032,0.2544328496923129,0.2690905387694142,0.26814382843963697,0.28597804562095375,0.3437568369570102,0.24194081467019654,0.2798227289419535,0.3349750280444515,0.33396239872704797,0.30895611402899714,0.2619626177182239,0.37218919031599823,0.3071411152121708,0.27356234546349584,0.24796580893457937,0.32998886456754484,0.3159889884722023,0.25641724115488684,0.21529324606840775,0.2550242150056807,0.2522121636004593,0.28157495677160904,0.30788034585340546,0.31430332852777465,0.2505365028153836,0.2572484900405082,0.2830816018770973,0.24781778593829334,0.3484250002588774,0.28541211442669784,0.26645826940824596,0.27814103131780005,0.2870061438462784,0.2454276405749418,0.36299341565772014,0.3230260501939671,0.313499828329133,0.3312056421451651,0.3572000777313009,0.295907087098827,0.3031640064558135,0.30423954602792364,0.30473037385233126,0.3111150017082178,0.24667263631141842,0.2653031744327433,0.261107346942573,0.28179938190823484,0.32488458274720483,0.2556535668820979,0.2839253720173658,0.2859402036998799,0.26570903528379863,0.23769300445220978,0.2753810221998228,0.23700053965845874,0.26335124938530097,0.2728065339100795,0.24638208412459017,0.3475920947026014,0.26425302145276836,0.26161811797133805,0.3266944972436906,0.29037363953334583,0.22538197123458542,0.2877198765782134,0.28461125440116003,0.3057306435028351,0.25365035518678763,0.2841581635924575,0.31119173675213746,0.26716897059891426,0.30208810590394697,0.2401143049607772,0.37378899065932814,0.29283072902930946,0.24902203895959488,0.31078040735747775,0.23723547782678134,0.28606350194545743,0.3187077866903745,0.2705537704528242,0.2627882087848745,0.24317376969066432,0.3246392208756264,0.3199569578756848,0.24052786826957764,0.303966610045985,0.2383117919275853,0.26220503081318663,0.20519849308683136,0.2778883061410289,0.29137064059209566,0.23968603814297537,0.21366826870889197,0.2566949384605176,0.2528249194985983,0.37205596567029675,0.2926286866275541,0.3016899034895275,0.3361963623514539,0.3438964172219431,0.2778275895225579,0.24900341624851005,0.2482271663344009,0.22397400337424772,0.2916000913751394,0.30298631406528465,0.30143398668231275,0.27423058020104807,0.26587358297961056,0.20673003732535983,0.2794032344707,0.2149377997918112,0.2720355373525367,0.34733627288937097,0.23444005519042088,0.31305277606662774,0.214823092844055,0.29490059877074587,0.2708834312507961,0.30550565498396653,0.26556178083453147,0.25670925108423054,0.2384435218102886,0.2280904958534523,0.27450182951977775,0.2962318967986099,0.0,0.2887416767998958,0.27020613630845036,0.30958126860576635,0.2557117277027194,0.2699440909867282,0.2685039478185915,0.22008324121025297,0.3375064862492286,0.29483749403174336,0.298511329260562,0.3255048666911575,0.31570721673749347,0.18962101895671188,0.2694503941657124,0.28564673880323693,0.2617964449292121,0.2888466271012877,0.2851219859928091,0.2999201770242189,0.25491970161399286,0.3172053642378635,0.23784556391301492,0.2589564178727154,0.2514021099957297,0.28460020647677,0.21498582336747432,0.2929253160480154
0.32488750349211887,0.3299910820064303,0.2479055609365767,0.31669515850282315,0.28198186763905897,0.23893660890353424,0.3256454561682945,0.2907640303798239,0.27445662565356643,0.2801711617962027,0.2697670233080759,0.26467503998494696,0.3038687836495345,0.329286324127252,0.3785480693636051,0.28183174766762,0.31151050646523337,0.33872008143683563,0.27500172484490415,0.293695357372308,0.3355538138301651,0.28887732821124074,0.29294020145161387,0.3332541411539451,0.29883702737016804,0.3302483267658321,0.27351508862801766,0.268415797374665,0.3116946803326715,0.24079933906815318,0.3546912654178701,0.2865888637321586,0.38855954094318246,0.2682577981822336,0.41587874316039836,0.3275724807568886,0.3200925981702778,0.37293493261820315,0.30480654943783364,0.44989082977705186,0.4067277763775954,0.2525530167567498,0.3210384135279565,0.34853802567584036,0.3578958820780153,0.3287021724103761,0.2782484077890095,0.29623411781927667,0.37293669221220904,0.35870655274712393,0.34520769821719993,0.3091382266598475,0.2581538528031846,0.3463578947056526,0.3311386696130771,0.2924863954933549,0.3391251883256324,0.26441260933192046,0.3146103079557781,0.33566398467947434,0.26238798885568,0.2553106870395645,0.27042372806004045,0.271761502082823,0.29832237671940415,0.2668797837733322,0.31255542342504355,0.28011435208272584,0.283413394701545,0.2969340412777056,0.3236537544815457,0.3782304849765299,0.26296699765515114,0.35231963487399437,0.2799561740049654,0.2701718576819802,0.2654657557276943,0.3162882019053266,0.32278317233858494,0.2384813734735307,0.2602217326118045,0.3256218235102055,0.29707302505606875,0.2853423629898573,0.3306125068529194,0.36584463118336336,0.26791321634971166,0.31132225100825844,0.3004645187209115,0.2768873971782165,0.3345825386381727,0.31826021298196344,0.32918758598903847,0.28242618675281167,0.317152244412163,0.29465310196705885,0.23218105896046712,0.2828575846996674,0.2641903936989026,0.3530229474639067,0.32343990753911206,0.25843753929314767,0.2873419908956922,0.2750671719604768,0.30859835034531624,0.3217925257469681,0.2914027833762466,0.2846250671353861,0.40060600079573144,0.27370873874731044,0.2877758334787949,0.3311424249254328,0.3071307123518855,0.2668503089947716,0.3561240262489369,0.3441718998213528,0.2865712788883007,0.2969110334988977,0.26224408890607587,0.27237215942033655,0.38582275375605335,0.28637032036816085,0.2936847219987796,0.3338372884610392,0.2959626077871947,0.3211738531002462,0.2716406210039202,0.28469635993904124,0.325119933199539,0.4185726480154662,0.26150254185218375,0.25447201718454565,0.25870883619040297,0.2961349229635115,0.30026647846368226,0.2820822494789559,0.2887416767998958,0.0,0.3470460424121026,0.35321689264347733,0.27169063264543036,0.2961601653777432,0.3465231984269996,0.25966933153048644,0.35593094472406483,0.34442283301704923,0.30811178639235626,0.2844780024090484,0.30240994845746694,0.2055036448598219,0.33464052264403893,0.27969899783632024,0.2986782859575801,0.31049591883439515,0.3369288622380704,0.3162296665980384,0.2773910420601825,0.3056946731259372,0.36632326751893896,0.30213910430235674,0.27687186148393717,0.33114612154692963,0.26409728313602915,0.31953320888409403
0.28785293418026997,0.31122513198787866,0.27149380853380145,0.30955127037459734,0.24093382782900719,0.2294860575390452,0.280811173667213,0.31473360867536226,0.2781466082113266,0.3008961031662093,0.2958842498601621,0.26302618546559997,0.2954985883351961,0.30164786889833173,0.28472988128373106,0.31025314407673316,0.29324518323321525,0.3397926371441845,0.29366824900364047,0.3392417289933928,0.3139276615678726,0.31841997178899645,0.3237253303520691,0.30445696373137127,0.3469246924714989,0.2764014703115633,0.31540875155223475,0.3009502912225031,0.26919918258231595,0.22543583048928453,0.29958963277832634,0.28804604882363183,0.2985205946607785,0.28106681637159187,0.31197404423667885,0.3222914856164727,0.2981002807472567,0.33752614650315815,0.26986878586717744,0.3692405560181619,0.2819540252808033,0.2472077396261169,0.2878336828515305,0.27028499773640224,0.3886790945543963,0.28581583002454714,0.21795897496042982,0.2758571573531975,0.37813009825018395,0.2834977692676888,0.2680579315397113,0.24294110310127232,0.2329822023186306,0.31275792522463175,0.3021522434890059,0.23641141697632714,0.29783613706560713,0.2712930768536207,0.3461030342622116,0.28878874825633316,0.27636337099269315,0.2070609613998656,0.23603945183860667,0.29526892084734074,0.2407522835845729,0.24994900775042284,0.3302577400504436,0.24777825854057195,0.3304242165324763,0.31556041676338337,0.27100931159054137,0.30185090611345927,0.2648397020564903,0.329565247258879,0.28274584022489313,0.23237821311498927,0.26483799505638195,0.26849103790046813,0.29627145856917336,0.18788545235561732,0.21969058973002484,0.2901970964165632,0.27193799280882036,0.27641776963655496,0.29790930682789823,0.3444134948405456,0.28174461487429936,0.29375664059746115,0.27259129905897245,0.2630364235074534,0.2892864897075725,0.27363537311986563,0.28156166931748894,0.2332172286846,0.30957501637990986,0.2807451778422964,0.2289563948836044,0.2946583281971018,0.24107120042282526,0.3010979296133981,0.29869730121433613,0.27544480940127875,0.2733428965852562,0.2918314756268106,0.2822753538084611,0.28163887628543727,0.2590983413250425,0.35806181128747705,0.30282922843084487,0.28992078843997715,0.26617252877199893,0.29715904676412763,0.2589865124980765,0.2856963736970762,0.2838877542281332,0.2736141871687832,0.2617893561464687,0.30489615862832803,0.27061355991473524,0.24804102951692236,0.28188363053135235,0.24393806419192215,0.28228530593041506,0.2683203377060374,0.24899873631491862,0.28006482823274065,0.24176070911240286,0.27947319104362034,0.3120103780865613,0.32443820218843006,0.2580114552798613,0.24899354222278036,0.26702271945182376,0.26384505193470764,0.32690940689715353,0.2170845400959309,0.27020613630845036,0.3470460424121026,0.0,0.3250464986995052,0.2742370859569293,0.2919074999020824,0.30434222868805727,0.29127731581275546,0.318303966626594,0.32356932043489556,0.2628399140017426,0.2619322298025998,0.35208037873590603,0.22303746240193054,0.2989623644980784,0.26163066632052195,0.3228483082194493,0.304401374842655,0.3385232312880227,0.330901192722724,0.2815381927387553,0.2725131094460055,0.2926372767843213,0.24197582547029853,0.2508331560350983,0.2733788486756994,0.2605807880591665,0.28458209547229346
0.37851341912634723,0.3026596367405015,0.2702981152480744,0.3182833690763569,0.28893145148681953,0.2658005927810411,0.3335314544006247,0.3324420998260946,0.3254643296816501,0.30534720531464316,0.2974056487227053,0.31694082974572096,0.33068410141447296,0.28681659979889884,0.3504075905588339,0.3372781308031621,0.3261677932119531,0.35894691535456363,0.35517316671860794,0.3520389238213236,0.38413333992783066,0.30026175894134316,0.3060867690233322,0.290442142237675,0.38337994099760303,0.26578259695426665,0.27992544878270637,0.2761198638130423,0.2610753334563418,0.33074192092031574,0.4366855435850586,0.3800237520807856,0.3299612824544971,0.29118568698428293,0.3213551452269463,0.3665519472738324,0.39246665705897693,0.40761356267675625,0.3589281445787385,0.3439979426378769,0.3414496952345563,0.2834650233108182,0.42883204712520195,0.3390467067210279,0.36592541562600045,0.36577328659812525,0.2918764384464777,0.3084212705718791,0.41603093461672647,0.4030576322940667,0.4543761125530721,0.275884675321616,0.2879954467627543,0.3545696628937399,0.3572557893918626,0.30155927229396784,0.40856498819422427,0.32488115742487483,0.3772651615436122,0.3841612254099557,0.31185976203551635,0.3144574126382613,0.2884246959849398,0.2824815665148777,0.33620186434794946,0.33170829710807587,0.32783363875872734,0.32559403870534587,0.3376720445960172,0.3804821465778993,0.40324334862192035,0.3296138949737626,0.27530821016598755,0.4308102523674709,0.339932987675067,0.3105189021608483,0.3286998256559816,0.30461965064524055,0.33890373360707715,0.2598883345996442,0.29608083868298296,0.4180989374944931,0.33191836388697266,0.2872693188437405,0.3489682063059731,0.3521127243777783,0.3383315845641471,0.49062540202507043,0.34234862953851064,0.2903119751773982,0.36907029286927445,0.3553071737489619,0.3814808690428663,0.32573633364275184,0.34143649979705126,0.3115078224481919,0.2881714882645898,0.290158267469875,0.27691759872854066,0.3246256180962149,0.35028693152391094,0.4159656498273398,0.34411180398061064,0.3161212496438827,0.35642499438120007,0.3203056061904013,0.38829805370576126,0.293922485910601,0.3578733187579622,0.2991301751183554,0.34818697433916534,0.37158800348944465,0.3365465442698377,0.33736503762813236,0.30343192376515044,0.2650989289727024,0.30740338793532823,0.3703378819825364,0.25450729602780514,0.260553579121496,0.3098664425831563,0.34007978721008003,0.28787769211315617,0.3748573585546377,0.28510078191385685,0.3363553828173986,0.32466632877533086,0.31786269766702524,0.29288793447866274,0.37711810051242567,0.3013124381289019,0.3287455940176924,0.2939460138804813,0.29641852701059745,0.3585644888775296,0.2866293903799608,0.30958126860576635,0.35321689264347733,0.3250464986995052,0.0,0.27955628276011385,0.32949921263174603,0.40230051383620885,0.3372304209191727,0.3850291437948308,0.34761952217905495,0.34526777134505293,0.334625444345045,0.3433820177715847,0.22403791701030537,0.4002401974299483,0.3379754154358133,0.3980705035329418,0.31096368825571374,0.3787943427053872,0.42483988394031863,0.29027703963258755,0.33336836899026284,0.2788151909626381,0.3389751936562392,0.27952259115034694,0.33525805297379063,0.33788848089237944,0.33096259514510074
0.2690884420506934,0.2926390237976288,0.22556824743256693,0.3252432183486223,0.19740684786189192,0.25889253744727053,0.2664586605974854,0.2695664734131465,0.24585000600822893,0.26645035218825686,0.25140315211310743,0.2162962520683838,0.2724835378728688,0.31626771342973253,0.3061234050865941,0.2216418656669065,0.22547866854551368,0.29850654284425443,0.25055251356069697,0.2601584193779667,0.2502119995759985,0.26659043108243397,0.21774518649616506,0.23247097096656957,0.2734397167618138,0.24248020448952373,0.21600318803122825,0.2345424714835203,0.2603936815885483,0.18846718185791903,0.2873780321086719,0.24702857683416662,0.38507750520220624,0.20633906634174545,0.2796187032144371,0.26785616845511145,0.27143447718880576,0.2775836738252568,0.2315575389911944,0.2436095487357308,0.3151833028180789,0.20950582292641454,0.27112687266346797,0.29512267174312873,0.2871156256006998,0.2762680839892546,0.2278868686372018,0.2533901724207523,0.2591447635200314,0.2605412757625961,0.28168264721181185,0.25134396732486336,0.265843741468699,0.326547798594137,0.27069582631998257,0.23248659707109356,0.25673626662825644,0.21922262138894547,0.3341309978267196,0.2557209276288411,0.30617073104262,0.2449785976398602,0.27895682437670605,0.22602561775476482,0.29260884040962604,0.2994982805038688,0.2995926548767605,0.2968792664243391,0.29472231854463327,0.2814317187744302,0.29194657047343436,0.2914858822762343,0.24393929020392144,0.2741465435196952,0.2760976436229968,0.28633600500961937,0.2302015826818041,0.23287360361382678,0.28750352266008405,0.209192472808282,0.3042268498132663,0.27385568115843817,0.2702736819018758,0.31117035541477844,0.23434381609202004,0.2663724276345394,0.25389485692768043,0.3094751286465797,0.28256368345434507,0.24480074190856185,0.23959645791717718,0.27570469388415486,0.260001919205997,0.2829745562946768,0.27501352005006835,0.32211457753860495,0.2944187941805836,0.2459076652544869,0.21465276001113268,0.28245369165837,0.30740374824628725,0.23285038123471286,0.2841462501023713,0.2975698188726745,0.2907286870145962,0.23907595641721643,0.258856095097166,0.23845847190621286,0.28993271778239527,0.2280088978762687,0.25032110446223765,0.23170585210471242,0.28016051840235157,0.24370767574895766,0.31705326881403834,0.22347945325628257,0.27889772909852956,0.21556861128367935,0.2554023602938736,0.23606904637357315,0.22085184933493535,0.2685717565495311,0.2176347427199018,0.27471887110687665,0.2545585425016425,0.3055136552581405,0.21887216142120813,0.22481582197502423,0.2597119616479722,0.34033497414090735,0.22321808830594497,0.22912227815371508,0.25541529285669073,0.2506830917536936,0.27320925532457896,0.29371698696682425,0.2557117277027194,0.27169063264543036,0.2742370859569293,0.27955628276011385,0.0,0.2440352588803462,0.26357544884776996,0.25605116731341554,0.2934208255281419,0.24620274389109187,0.23122528564067676,0.30951193497342394,0.2581067457077519,0.17006473350777984,0.2811208315905002,0.37219163080855705,0.22583152472040757,0.22770921620145007,0.27553307813519323,0.3035038600437528,0.22702920089976808,0.2565140096979876,0.3517551410727771,0.2281151003470069,0.33821375792608427,0.2913764149142835,0.24766735698910597,0.2338881425303267
0.29668853033701553,0.3292254955025704,0.26672773844843983,0.27403343885797155,0.2560850407548936,0.31624691928282056,0.2599696123607791,0.29139467022079635,0.30702855509543747,0.2847816524256027,0.29476125189389973,0.2719478433726563,0.30574611337703866,0.3916250885902631,0.24103851197661338,0.35093637990367843,0.328019863256095,0.2803617719737443,0.28337859902136137,0.3088462084572145,0.36068208596753404,0.3019763760784453,0.25040901548054983,0.23866970143224972,0.33985843449268127,0.2680791504198855,0.24109050449453348,0.25169085331852303,0.31864221620556776,0.27665334134997216,0.30670803932321394,0.40382688916074133,0.2641060953055411,0.2721228465057273,0.3275745147851594,0.37109270538089867,0.31437063049994746,0.3990910504264548,0.2948960512949865,0.2892450138381151,0.283580798304643,0.347508382626016,0.29177248359586344,0.3312424128093346,0.30462048005124137,0.2651455163389327,0.25377122623071946,0.287586520822683,0.3244075297314693,0.34687721993134013,0.3093584437933894,0.2770997172583739,0.2680672337516021,0.3277494867657419,0.33421983264252747,0.3415846892494729,0.33221714572226496,0.33764669151339777,0.3113439658063088,0.32249671225871634,0.29043568095102873,0.3420752587007218,0.2829418430053646,0.36548989920421293,0.28899176512633284,0.2833765556502502,0.3010908683001238,0.27068975899394093,0.3028002644177574,0.32370668663874985,0.3088201608742107,0.32671178405173096,0.3498897486341394,0.3238602197367073,0.3391532104930167,0.2694678867913779,0.3076616532044076,0.3031324263637109,0.26794382602946665,0.27850620101860574,0.3102938752458496,0.2936125361023757,0.3072967508746861,0.31206788930173107,0.377445451441529,0.3210179896338771,0.3303211317496553,0.3125205245062395,0.2678098973538294,0.29959689664148803,0.33448982569712477,0.32872797729186776,0.33701866366216565,0.2861467046622418,0.36168711081977795,0.31135912166998536,0.2863967509215386,0.315426309173409,0.34413938833673047,0.27154076922968745,0.35299132219356166,0.3349246691469066,0.28445278907371246,0.2485459362641763,0.3334150900248189,0.28119166325287254,0.31439371427744106,0.32815893313225303,0.28295139979542333,0.29456228431464226,0.31341826311933363,0.3393201144606317,0.33681226443904017,0.36933993562904227,0.28675867653781006,0.2787857003907651,0.28517776126851324,0.3165175006418483,0.3116538762200962,0.3451806610543592,0.35285710853901864,0.29090221480884937,0.3568032347455998,0.29873115093923325,0.3267999151724808,0.2883561459585642,0.3853674442819355,0.3195141674185615,0.35353189266413493,0.29723264471495187,0.3415638538236453,0.36939316019431323,0.3254703284212613,0.355284419276223,0.3119448542991833,0.2765416563258165,0.2699440909867282,0.2961601653777432,0.2919074999020824,0.32949921263174603,0.2440352588803462,0.0,0.32484599047558105,0.3676800765433292,0.4190309555213988,0.30489926665804556,0.29776796884641454,0.279480186641848,0.347192000845062,0.3215789232942378,0.2883923941041372,0.30798119642284943,0.3189021815654459,0.2816879685002663,0.35063199521756666,0.3116399297070664,0.25766163198892167,0.2855554972475882,0.25177656078050364,0.3488759938684684,0.25542440253700344,0.34115394409528715,0.3283918652525584,0.3094115195577081
0.36458248075528193,0.3888362068524656,0.2671817603213332,0.3629723761922399,0.2726901017714424,0.2813327649665322,0.32132603289443873,0.375991060747657,0.36612824497839647,0.3359986109254521,0.26240631881936793,0.29380701013108307,0.30399772829970934,0.3606474500570608,0.305444706980065,0.3027214858479307,0.3504887815898978,0.3623427016634722,0.32344735895947085,0.3647150020021153,0.3788686329954819,0.3056041398443471,0.30862101771117567,0.2745411117182614,0.35193881360030627,0.26478966267499926,0.27445364041620535,0.3158880697286183,0.27794809326362824,0.28334876869961545,0.37367117424151924,0.32237982883875194,0.3262841725279262,0.3100527029860708,0.37443615525555846,0.3441420002240273,0.3340306938797831,0.38071100835835503,0.3207317742565753,0.39117286133020324,0.3206298618373523,0.31296475307925137,0.29447281709466827,0.30113004290930373,0.3747529642548906,0.355118421523536,0.2858396378827394,0.25431062869810017,0.3690105304078635,0.358859559231787,0.4277910758936665,0.3379698776775403,0.3893615126837231,0.356809772711957,0.30596467984025905,0.3553277524292134,0.4013533694845287,0.3058945644283772,0.39638188885132447,0.3956453108665205,0.3560980714470524,0.29677037250273275,0.2852707934063351,0.2908293511246034,0.341552960797442,0.3147921848488043,0.37913888838581195,0.30494638089456755,0.30625136475600034,0.3681442112623617,0.35965971619337866,0.37015924401099237,0.34459313302417754,0.39684919943481417,0.34376609699639465,0.3326376477663729,0.29861149106951995,0.33065658122585484,0.3414830162905456,0.26595330691080826,0.2820539862796495,0.47746775598000263,0.3547127243459438,0.28623354446823057,0.42245912553937787,0.39951581818635895,0.3332221435959864,0.4283855896532597,0.362720334144961,0.3384582017624407,0.3642760105346093,0.4241306694740146,0.3368494895665786,0.3380983941079869,0.5250612294442307,0.2980839087377721,0.29218767266015944,0.3225486452523139,0.3154307643553288,0.40745596816730606,0.32916406297656775,0.3023149504793492,0.3239121774720488,0.3044611894758797,0.38899117278774914,0.3183463551817641,0.33330307471478965,0.32121928408275635,0.3558596204905198,0.31015613765621985,0.3122889260112325,0.372010577111195,0.4057633252912717,0.3557556239751117,0.32623408625254174,0.331589170787455,0.3511814566868867,0.27659141526479775,0.2843278736488669,0.3357695185743835,0.328301979401317,0.3691932365511479,0.3440580783858123,0.3773760176217067,0.3379445023486055,0.29221078542053536,0.39675597525773293,0.2821233112095667,0.31917649558005395,0.31559851187752347,0.33181703725081363,0.303603475294986,0.31896608065966464,0.3820267261534826,0.2998717698250681,0.27066095751753505,0.2685039478185915,0.3465231984269996,0.30434222868805727,0.40230051383620885,0.26357544884776996,0.32484599047558105,0.0,0.37268341540784,0.33524513451179516,0.35796751773137375,0.3517036533633217,0.3199893230262194,0.35673821620032,0.22431452004405,0.3617201170916561,0.3853129737395205,0.33273892436243446,0.2890238490982762,0.33814816882023613,0.37020512137911876,0.27774199670050037,0.3090475496788107,0.33638647449397313,0.3532856485846568,0.27595471135483596,0.399804955469031,0.3665262100958045,0.3428938852382298
0.27133242213444375,0.2822401739592375,0.25336812888342675,0.29588995957474284,0.2588630457325499,0.25963646474433943,0.2571496731866089,0.30545927935980954,0.3564724490959028,0.2465030983905608,0.26971724856652873,0.27655749878086816,0.24937161642995564,0.31332053995756703,0.2410897160506644,0.25993353985891676,0.28001413280245824,0.26878223857637773,0.28566102503704244,0.3036914336790354,0.3227746651864448,0.2817137711453867,0.26115047381911133,0.21636069596130852,0.2847068366365961,0.2523557246557412,0.2689398917442198,0.25124131844041053,0.23548368488545623,0.2587063412121194,0.3109869686585525,0.2962812485351911,0.2754469757399856,0.2663072844580687,0.3035132302075816,0.4028625100487274,0.2641502152934533,0.3874790072045844,0.31117282201129715,0.2523969161028627,0.3085427263975333,0.308485154624159,0.27397713593100326,0.28671380701581506,0.2950926409826058,0.24516273043241207,0.25024570113323313,0.24712747862289133,0.28535692584415256,0.35449675801292213,0.31246638270797916,0.2608375791749083,0.31728685790014505,0.30056666247323666,0.3033331106287577,0.29653680872132804,0.30750889077601345,0.3169987805570012,0.32769921050991757,0.2992342643703074,0.282128845492539,0.3086470550644072,0.2856347905663202,0.3975533367503647,0.2972899329437018,0.26246897980969974,0.3157017839528938,0.253192779530472,0.30443515132689336,0.290034624075057,0.2945955955662872,0.3008806150305485,0.41530612654325383,0.2939384852493598,0.3175526736958331,0.24644919339270926,0.28095977108951586,0.2754187941218625,0.268667840358617,0.2241049610704608,0.27766415834820835,0.36613141044990105,0.2653943636998502,0.2864725285522584,0.39719968010782114,0.3304351712619429,0.3211133889706517,0.36309753753740165,0.26440803595941853,0.29969428400338943,0.32943846438818364,0.3769375580266911,0.32104594285839655,0.26099086775516506,0.43178071782794747,0.27504853858589257,0.36536829838138785,0.32863202682430354,0.41775505417885456,0.26993002059533494,0.31628564325401937,0.290066184443392,0.3736618268187401,0.2716592050662501,0.407631598888689,0.2469359005430624,0.302067234669894,0.27496893960574215,0.25983796194032677,0.2425255701904288,0.29417369642269314,0.45590798006052075,0.32397198083593315,0.3957924639745881,0.25908143470166645,0.235111966181814,0.2691602045116503,0.26127685101884646,0.2785045134807202,0.34200997990103615,0.29432761704713223,0.344072728669331,0.3027440637516741,0.255454651983854,0.354109665886008,0.2338331482327377,0.3848709083706643,0.25765523659669143,0.28167107609138425,0.29188025152788566,0.3128453446678629,0.32921349885385515,0.27921121053279996,0.4182808695701479,0.2943194076486815,0.2551139615978095,0.22008324121025297,0.25966933153048644,0.29127731581275546,0.3372304209191727,0.25605116731341554,0.3676800765433292,0.37268341540784,0.0,0.3655390650737045,0.3257424822638372,0.3394421765447477,0.2501173754768464,0.29493308322984196,0.2938875170903077,0.30725473352891874,0.32038322363920485,0.3249995111984607,0.25137227529009165,0.29853933663048043,0.2889810704546728,0.22053174875529452,0.24065232277889784,0.2574202450610185,0.29221077662306505,0.24855921405301507,0.3187098951739386,0.4058963956548348,0.2886018590816931
0.3264067998470362,0.3209832354411468,0.27519415316112406,0.29784827541084435,0.2924856227039805,0.2851229177397854,0.32028602907966275,0.3163777533786451,0.2859706707111628,0.28453493866520385,0.3703782268661833,0.333816821045967,0.3330648145010337,0.31634593183872056,0.28820960595321904,0.33934263123521735,0.33850656684771574,0.30323997309808065,0.27970288527942955,0.3215696937901758,0.4053442874680699,0.3203723121733161,0.27790817847281163,0.30526452747121885,0.3578263653064791,0.3708322968404907,0.2644122763973813,0.26009329151266924,0.3030193457635791,0.26858884005378025,0.344161289701714,0.346467849108471,0.3065651023979831,0.3132178429083181,0.34620349677928647,0.37793053778292907,0.4243860328856663,0.4132409021664002,0.39461977818814353,0.3233702251575768,0.35543429587966485,0.33783488453935917,0.34869819069878655,0.46730291549594427,0.3570575750080735,0.2986775649993451,0.27988048167983304,0.38107075940228624,0.3779884772438584,0.35379626530431085,0.3636883026472144,0.31057347534662444,0.2618586037089585,0.382270112711984,0.3676509144996135,0.32296558064915637,0.350707256918038,0.3240484545262372,0.3313258975346583,0.3040530531040554,0.31457973180612947,0.2685425127786078,0.2823038331967369,0.3237919841344776,0.2827963476806991,0.29476275576391225,0.3727787257012534,0.33941739672214283,0.3085461844108999,0.33196300572932497,0.38110604555283273,0.32982046414819377,0.34707638367474003,0.3689091140830557,0.33166885605222646,0.2989372499716144,0.34779789176397385,0.366631859677725,0.3233260870932085,0.2772475474148102,0.3239148845982694,0.3115060198256136,0.34119600587128524,0.31820596918368066,0.35840016008417364,0.3523747558849256,0.3531308220063663,0.3278373252138752,0.2904039884547543,0.3684473797008128,0.38060787871994406,0.32096414000672674,0.3490670656950513,0.31610905287291124,0.36056228189808587,0.4056573665534893,0.2719341705148344,0.3149797632912509,0.3008889703120364,0.301080699046345,0.3796657374622766,0.3276103652001375,0.3339904982663607,0.28776551037616205,0.3148537887214582,0.3144030194986037,0.33281241579976195,0.335276601846955,0.33793446339933675,0.35870582167912557,0.4310229022845376,0.41111980969686657,0.3501862273263244,0.3519287745491585,0.3007053030406111,0.279375935403414,0.276909212437355,0.3177713058553166,0.3385996873960122,0.30161824327465375,0.36657548200057494,0.30405425446663836,0.3379315946421656,0.35487379194081886,0.30986115634093814,0.34177531270924444,0.2871824208806063,0.33714545905089155,0.3415591419039046,0.3551478825825432,0.28629036577536915,0.31426060879091594,0.3059113442979869,0.36698605823932573,0.40951723742800217,0.3164742119355835,0.3375064862492286,0.35593094472406483,0.318303966626594,0.3850291437948308,0.2934208255281419,0.4190309555213988,0.33524513451179516,0.3655390650737045,0.0,0.39094840811380877,0.3330210827580918,0.3107308073752893,0.34135346376501324,0.2521790210298311,0.35025388044812333,0.3019856021925346,0.3362369644571228,0.296464088070962,0.40437636657370357,0.38815655123495146,0.27189992910164357,0.35261736256611564,0.2801820301537887,0.3361421079923095,0.2886343297832886,0.3489613823580171,0.32301885140956005,0.39691793631728034
0.3477667830621892,0.29397002633853747,0.23444567319708662,0.301540468733531,0.2686227098027462,0.2626374177696069,0.31536628171687026,0.3189854450020157,0.3372702536807072,0.2808115131976579,0.264865731899739,0.3546344207134243,0.26177492916587597,0.2665702428898926,0.2699167117632239,0.2709531666854324,0.28513211500542973,0.3156342192024292,0.3141170223844293,0.3310509679077858,0.34376001920343474,0.259113345813852,0.3601282629667395,0.2659238071609702,0.39405302924868607,0.3364207954416237,0.26845269409961503,0.27121852713971156,0.23545367283730145,0.2670421107652507,0.35862855838017055,0.2793846040853494,0.2782465677828802,0.37057630699026695,0.33088757448208295,0.3329684149321421,0.3329778779241634,0.3639464703329247,0.27762032384199925,0.2960264951582727,0.2946647460123396,0.327632746852403,0.3139038996976649,0.32058825395587637,0.3455421704741565,0.3020839797776508,0.2916614052457043,0.27317514767574386,0.34972260999052474,0.3070897434021794,0.3148131735875797,0.3286954594064403,0.2446867141844867,0.2938321268173707,0.29633520338913377,0.34115735776379175,0.33671226157238343,0.32926574909088974,0.27765912838923884,0.28640134136032264,0.24342520955001917,0.2595131076345922,0.2832371579464405,0.2942013072815414,0.29036418367748695,0.28460066699809944,0.3180634628096148,0.2843349681699307,0.2807826133403396,0.31503129783398887,0.3155058097691716,0.30635404858795,0.3337516758234473,0.2903611009973327,0.2812279671142195,0.2778343728567521,0.26344651548707965,0.30936921889446595,0.3529757509688811,0.23105875970677447,0.2549203521523381,0.3876198461898719,0.2898270578836209,0.2700878183616204,0.4078782073259332,0.38341404402062246,0.3325878073280536,0.333086923197985,0.31037901646061855,0.34151320710875754,0.3731350482931618,0.39494434418054997,0.26469060828851326,0.2782033406166149,0.3430086519156686,0.33407486656430274,0.23903106869158702,0.4080738065649255,0.3149650596369837,0.31512165168464057,0.27770133902783356,0.2731756451888881,0.41673354651230465,0.33045016798523885,0.33527478117834875,0.3345718068427523,0.2775260099348952,0.3724850336841545,0.28219842845299625,0.2790327482457261,0.33576601950732715,0.4649160413125214,0.33882716475068514,0.3293947820536459,0.3193415720894083,0.2960046102920655,0.3140983242275528,0.27703628915009143,0.27882201409851576,0.3341387172225277,0.30672372236479345,0.3388940440861109,0.37427115975166525,0.3037182749274393,0.29061364162066006,0.2685127910621287,0.2974606540852311,0.27360704024331706,0.3341595523001216,0.3069298529229335,0.2991686005548668,0.25963198003011845,0.2643360441925634,0.3752253313284328,0.2953668694273372,0.2341762875774313,0.29483749403174336,0.34442283301704923,0.32356932043489556,0.34761952217905495,0.24620274389109187,0.30489926665804556,0.35796751773137375,0.3257424822638372,0.39094840811380877,0.0,0.33117841165518125,0.24369551819933621,0.38829212951284114,0.24419391910100596,0.37119062968189775,0.2957941642114605,0.2868107522805552,0.25576433099681634,0.41103145426609927,0.33149813108221343,0.22967099313208328,0.3114964910509382,0.2664313493836395,0.29280624862713794,0.24366768378735387,0.35616276146136044,0.32529188065475856,0.3337749120487906
0.31071239270827605,0.31369645916300193,0.3271959148671581,0.28288519763908154,0.3113493065705217,0.31476268269932145,0.31646316401477625,0.32449736304119003,0.3673568316666552,0.2609854358333693,0.2848058793139164,0.3503521733016315,0.2756787276013423,0.25138186393795986,0.3286261668776366,0.30118777881053044,0.2986009549216542,0.25824338402082064,0.267674754409126,0.29212508864556974,0.4049131007967039,0.3695039885061861,0.24341159364069945,0.3123948435351806,0.29965472484859557,0.28856020657554776,0.2299494065596296,0.23339196585438338,0.23661058889628173,0.3102588961252376,0.3584524587562199,0.283680801266928,0.2962011854482894,0.25368839507746305,0.29203501046234953,0.3293565070368745,0.3504981446882909,0.3348709159380457,0.35035501879444825,0.2908170354420161,0.31092654182365576,0.34134054539441355,0.31847749069232273,0.3817445950959617,0.2962247366326293,0.26769462603701166,0.33087835246472663,0.3109832279659827,0.3089130853721224,0.34245531207627744,0.3685974580750062,0.3261803546706391,0.24480972438386042,0.3307573087544418,0.3007373601450479,0.34773142716171634,0.3130363020575186,0.3414976990924967,0.2693453987614063,0.2695852571619481,0.2613300003326681,0.26219741365021043,0.3143555530585326,0.26730090618921043,0.28272027720558496,0.24698900117101627,0.2806059910360326,0.3585882020710776,0.2585046918079836,0.2950132726288298,0.39432202912771874,0.26705709580635395,0.27092215820451543,0.34322316232852174,0.2869276585052959,0.2222595198999814,0.3103754312789013,0.3159688607686025,0.2669898236647744,0.23115478226977015,0.2973845170821778,0.4074583520253572,0.39135251833050283,0.2554338741994714,0.30803811712612,0.36366094691985895,0.28576461391601393,0.3016521634189353,0.26099203233233625,0.315240797182691,0.35910567802540366,0.3307040067378592,0.3149872303363589,0.24329963165789956,0.33579823277188103,0.3588746558714635,0.268497092124129,0.29878478407623676,0.2751819349766312,0.26256424608658874,0.2772138728206548,0.26932500741711246,0.26151456004916074,0.261953612318971,0.2968669763892067,0.32388737843596244,0.2823702443336897,0.2814847423276897,0.2762639865682754,0.32189983659216403,0.30678316825343765,0.316649516475417,0.307487330704615,0.2768959874825449,0.2559935708880554,0.29913969250517497,0.24179633091954195,0.29014070350758037,0.2888075668604166,0.27104087118573217,0.35852217928855423,0.2998572368826817,0.27551337742759646,0.34843646090197267,0.28609362291742413,0.2743984520689062,0.29059428723624914,0.3325972258596521,0.2651692010438092,0.3082234999246963,0.29214826900925694,0.366166201998776,0.23836088020534557,0.3310738228171369,0.30709750355949883,0.2839735931807946,0.298511329260562,0.30811178639235626,0.2628399140017426,0.34526777134505293,0.23122528564067676,0.29776796884641454,0.3517036533633217,0.3394421765447477,0.3330210827580918,0.33117841165518125,0.0,0.27253388203724693,0.2977757095908928,0.21060188930071777,0.3124651809044317,0.26967408244280067,0.29223702384840466,0.31861027138369896,0.3370294035150677,0.32144183659941755,0.25563176490116035,0.35646550932528964,0.24302825811643697,0.2836421250539906,0.2371623945094661,0.2667801303043814,0.2809781681727889,0.33838301401210985
0.2787083289960888,0.3030141225193549,0.2889592934812104,0.26894915157918614,0.2419742643094786,0.29974995602181176,0.3014338095980515,0.29059778004805537,0.23364825331778658,0.3292650255144217,0.2584298975246662,0.2522879312374406,0.34865833293288395,0.26568902817362516,0.3356664655226527,0.3094571017166661,0.3442512242870927,0.3438711271549651,0.2581928738601985,0.2627807026775479,0.31908574239052523,0.29186075426805685,0.2453440852333932,0.2635045826086081,0.2767115548508576,0.26015717967695157,0.23049768692294317,0.26113846236745086,0.26041354331581723,0.2535236346118966,0.28159348678818175,0.32511868253792664,0.30869001916073474,0.2354337515945883,0.23664064193513468,0.25318009150178,0.3041178551705611,0.27919823311195896,0.2929397919570102,0.30873871046289775,0.3104231961164723,0.2500225799455728,0.34126890367974955,0.2826101120538686,0.2950799301090102,0.4355518002878124,0.3076204465793606,0.25221143924659367,0.29857601138470735,0.2915465649321401,0.35077588391389775,0.2865244198665668,0.30153869304472913,0.3181781646248149,0.2705938427115534,0.2621712225533118,0.30712634469880046,0.27758802918915154,0.32695016231345003,0.3186256462195987,0.3171923301277615,0.2944980787088716,0.30059018556119765,0.21915074373762417,0.30324213438692504,0.31702367679487004,0.293524323588963,0.33230673752357115,0.2966335585693102,0.28080018561913833,0.33169887166501955,0.27382589323737244,0.21906217659246655,0.3722953236842426,0.319978209708187,0.29824284323567735,0.3197882296103843,0.3250775700044617,0.31366350294087597,0.278008371405791,0.3879795105254159,0.2698688929258993,0.37711319564049495,0.2935241963970191,0.2647422356578682,0.2874691458953998,0.24209321512650375,0.299007923498955,0.34714574944187554,0.26230163814478086,0.2821187126252237,0.26416764763279704,0.33495738888873056,0.29340369707635094,0.2799362126235541,0.2777817030747714,0.26938864352367664,0.24168892688416052,0.20900843263781008,0.33508741135082476,0.28093946572037126,0.29298093373906764,0.2388020846901701,0.2552545955195541,0.25849258595196517,0.35834432362454843,0.3705242310515093,0.276881596242575,0.44180571381718525,0.2961517180220129,0.2781618246884102,0.24315248082906912,0.26707184987884564,0.2755754749225973,0.3227178979188065,0.3037804535032809,0.30273362050450936,0.25787334228992825,0.2644054322819419,0.23266548051904673,0.2700284209342981,0.2576532697729892,0.2214955387779319,0.3881975813631333,0.2161789449031413,0.34623837770916466,0.2688498569727729,0.30689217554550097,0.2667343793146681,0.3285295407323998,0.2639453877049194,0.30281510998256334,0.23922159252797695,0.2225859655824706,0.25002682691948497,0.3138107196198871,0.3255048666911575,0.2844780024090484,0.2619322298025998,0.334625444345045,0.30951193497342394,0.279480186641848,0.3199893230262194,0.2501173754768464,0.3107308073752893,0.24369551819933621,0.27253388203724693,0.0,0.273967205930106,0.20318018271657537,0.23466606617236554,0.3583857821565316,0.26933298256475735,0.31733413629906004,0.3168362668479778,0.299798581331248,0.2523481424163951,0.353236474859666,0.2297647798619034,0.28647330869578974,0.38598881254781187,0.24941053169043234,0.2859048702130156,0.26785939125369673
0.3543612226885627,0.39739245382781174,0.33961305907415973,0.2595286519982943,0.23715814979166108,0.30571510259095913,0.2573099056650493,0.380108862872618,0.3094765100253686,0.4368084646698014,0.27010855217980106,0.3254382282591255,0.3069498674839393,0.305555749324332,0.26112392616759095,0.3349396626267422,0.3389434669498912,0.32079317354265985,0.3449432727416403,0.36770994626736603,0.37544202388008335,0.317821835417997,0.30750953131732967,0.2715882816032192,0.48766990587469244,0.26803715305297404,0.23996401327654782,0.3067321142612655,0.30306472677573265,0.26933328003349244,0.3521662268597358,0.3524180316130087,0.2626045586576322,0.29761575550592695,0.3304727529648432,0.31958821832163203,0.3270073835236251,0.3643671157415384,0.2600736223133332,0.3128649452433138,0.2873930450413832,0.31171512524866396,0.31941114573989976,0.29222782162140215,0.38474832110260726,0.29497659156375033,0.2947848446023595,0.2874532585164214,0.36017540107831536,0.3092687440484172,0.3021215695378783,0.31107069516592556,0.2521192063245305,0.3080749482978522,0.3000486914061697,0.32793962479692407,0.3360200127204671,0.3013293271070556,0.32532508546167205,0.2919621206005726,0.2926693624871215,0.24453138309564448,0.29117733711866084,0.28893854455039264,0.27185631847885766,0.2921172151204772,0.2738223204856155,0.2929879485045326,0.33961776485503786,0.3760010492415669,0.3090137366061669,0.3021374307623021,0.2990634464347231,0.32802409229871815,0.33854287341864503,0.28401537629042334,0.24476655414081425,0.2734355079329003,0.3263309735072525,0.23143626971083509,0.2905010330197798,0.3218690903521112,0.34137955239248086,0.32389320117431847,0.35179285869925137,0.4343952120596168,0.3156261240877203,0.31249320743922676,0.3116588165154136,0.27954766628347666,0.2919341841937002,0.307507226194269,0.3010313756354504,0.27742818848082906,0.34510992810221525,0.3404774455479088,0.24923899874171038,0.3724195307157248,0.25245995361471846,0.30329363787707386,0.26654257405466253,0.28531387638310024,0.292227147456078,0.42950719013871846,0.3235691484776406,0.32166506380659754,0.29849417944303464,0.4150273330294091,0.29764638555383627,0.32334568803218583,0.2954257185233844,0.3222702849179059,0.3330223676094538,0.285685497774295,0.2990699735287187,0.30507216665200904,0.33735201971664497,0.3457696278969464,0.3365619999693818,0.2708367204752232,0.267666927147344,0.27524267155434134,0.3419540561985676,0.3186438228961268,0.27997431289392116,0.340940289787898,0.2866550881712409,0.2544439453305346,0.4275607246379834,0.29363735559664633,0.3511976153251343,0.3012279232287315,0.2523176225840108,0.29103419267518865,0.31932702037100613,0.25144746906609555,0.31570721673749347,0.30240994845746694,0.35208037873590603,0.3433820177715847,0.2581067457077519,0.347192000845062,0.35673821620032,0.29493308322984196,0.34135346376501324,0.38829212951284114,0.2977757095908928,0.273967205930106,0.0,0.2543935497280497,0.30451701735665954,0.3281360804559513,0.27943023125205163,0.3000155762906711,0.38605745990670715,0.33317759941772995,0.25810260113581,0.30566852042551157,0.24753883661837164,0.29520980341291997,0.2806251259043415,0.3405971425040041,0.2799850645869131,0.2794871451655232
0.20613869592014747,0.22055051703438008,0.2178035614965079,0.20546726194991427,0.20057368837088466,0.21745695639622875,0.19035446099634615,0.22353162513623048,0.21999347607493716,0.2170925423400685,0.22376749082017375,0.22155678604391535,0.21141467891615698,0.24281793825980416,0.17040417930435006,0.2532146984897854,0.2636460246176095,0.21102786585917768,0.22734270628132144,0.2263528349820907,0.23663743830946227,0.2059395468940487,0.22091239036451016,0.1761842932161614,0.23521273989954358,0.21737174681693597,0.2192412368569126,0.22435380298114174,0.2069475626404415,0.21275748309355685,0.2035067057647138,0.2521276075677448,0.1854378105238787,0.22973639678777744,0.22409807574056273,0.28222310940716683,0.1961126387466862,0.28102054976211766,0.2151594316193046,0.20629148872316297,0.2160749362670502,0.268935970318186,0.21418828202930154,0.20642797979340052,0.22341621439218573,0.20669796415682723,0.21067527777197567,0.1995051803602641,0.22335380363962898,0.2428521562266304,0.20756401481712713,0.21449833173383137,0.20666705270142727,0.20942940172065758,0.2275994609472868,0.24512593937201127,0.22548986918124672,0.25519653330754666,0.22378630395843965,0.2321904034293448,0.2034954939917615,0.2663498167248349,0.214553197091017,0.3692092953016417,0.20565086688842568,0.2117715992951361,0.2096050667654808,0.1785892760607541,0.26002077053824685,0.21659139217023718,0.20003603250170882,0.23180375810150564,0.271903109900377,0.21945598362656482,0.26638140420290457,0.18702795866474786,0.2176510748166624,0.2151331015430661,0.2158456071970201,0.20242702882853825,0.22930724641610498,0.21121055883151396,0.18792654276701956,0.24924888448896101,0.2950363868736935,0.24446539119319322,0.2278869618380494,0.21345892843218683,0.21273104672562979,0.21537876912368414,0.23355591351460747,0.2258964980259984,0.22643707420070297,0.20067016529408768,0.25002250721949204,0.19964297521684782,0.2219329422427002,0.27267910222520775,0.3229736385112653,0.21176213851521375,0.21724689523648508,0.24057544117395585,0.23537659616244755,0.2139093699639817,0.2503642505577013,0.22718606315375256,0.25457892479915545,0.27142013392781933,0.2056361127823598,0.2065423549262878,0.21800096994027085,0.29766460906121084,0.2280007025951763,0.2999380787404207,0.2213335169564719,0.21644041193203375,0.23518632118833607,0.21965113236366074,0.2676407286419328,0.2820088006686316,0.23585705339318377,0.22535052249691195,0.26787533361700394,0.1884600707329906,0.23218324262095036,0.1893145708771386,0.29532470927713306,0.2167018763892644,0.28384270867105793,0.2154863802819757,0.2800015945008067,0.26581605083974524,0.21520163797534173,0.24634706627071873,0.22314060786227186,0.1988174661236254,0.18962101895671188,0.2055036448598219,0.22303746240193054,0.22403791701030537,0.17006473350777984,0.3215789232942378,0.22431452004405,0.2938875170903077,0.2521790210298311,0.24419391910100596,0.21060188930071777,0.20318018271657537,0.2543935497280497,0.0,0.20203723968477016,0.2185984316783483,0.2530540145413281,0.22049731672343084,0.24653050673149765,0.2001456183741989,0.17424815268371988,0.2013704451494377,0.17516119594215596,0.2272192477477607,0.21663388716156373,0.22780210090947633,0.2711998987301407,0.21040191354142557
0.403839646112289,0.2759680894003228,0.22776709611493748,0.320419955277871,0.23966471782501955,0.2549220052363411,0.28381273552954556,0.3188995347120335,0.34248508461340443,0.2596034869999027,0.3197743125010567,0.30107619128794183,0.28763402325055876,0.27666107146099234,0.28885061244424115,0.28352739497306656,0.2809754141865546,0.3124056980141453,0.3200743256948427,0.3605713298699675,0.3371867898180989,0.26419838614696395,0.2685798099564282,0.2997427551821844,0.38824107003078895,0.2934242402509059,0.24532188976992053,0.29951353085300314,0.24071350775586334,0.24438712591235776,0.42375880331249505,0.30653689924888206,0.26992089801595015,0.32148142841689575,0.408525836055259,0.32912056793943434,0.3771090913439757,0.3326042748843155,0.3309542965974311,0.316503525721674,0.2824048820899273,0.27382810558825554,0.3429680054472053,0.36718710623391115,0.35717664376672453,0.2995466890402111,0.23065561418962113,0.3468554516601119,0.35490705821313867,0.32097958536827137,0.3767053088802588,0.2918917304540032,0.24910585117545478,0.3190155421574643,0.3371602794522707,0.2963821863727579,0.38105987543141034,0.30156450278222036,0.3205850459067495,0.3078629962786148,0.32014530333370256,0.24733454575213468,0.30856130444002305,0.26946549002869713,0.3184297489976996,0.3449391030394041,0.3672998244798346,0.278041901709634,0.2741068894157973,0.3456870372320411,0.36764000864420904,0.3316294345745936,0.3590787558816836,0.3362579439596442,0.2955615944885769,0.3308223608640365,0.3032158478029785,0.25202840906638807,0.3236424267292829,0.2557438481900239,0.27254324944311403,0.40875775459361907,0.2635593346245406,0.28685158698751184,0.3762375704777123,0.3190634049516544,0.37756249853847207,0.39120974036501255,0.3209200912601751,0.29683698235526773,0.33535812740215354,0.3542990724741351,0.28791404444882046,0.34468886586385417,0.3535209991968307,0.2944960165080463,0.2787348061950356,0.31933458419889166,0.28759737775372074,0.35841582349798046,0.36757248478701077,0.34146919703022477,0.37387951285773763,0.2731283276684965,0.3649606979991214,0.2668136703561533,0.29869632261890217,0.2967260173131153,0.2671456855386023,0.2916133271319442,0.3628501823379098,0.3615659743847208,0.3843120211424582,0.3054228566803903,0.2971746194772788,0.26663283803893123,0.34024412316620156,0.3036381585282262,0.2766208525713513,0.28313353058922125,0.30031494064770137,0.3361824971676552,0.34239443354419125,0.3325329284383361,0.3394852802231924,0.28741914263494767,0.28401368348414385,0.25962366202362097,0.28817631113109016,0.29540164904737926,0.25501557879259373,0.275992379332392,0.3532799167447103,0.38186390235609896,0.3837772731930868,0.2655419675611765,0.2694503941657124,0.33464052264403893,0.2989623644980784,0.4002401974299483,0.2811208315905002,0.2883923941041372,0.3617201170916561,0.30725473352891874,0.35025388044812333,0.37119062968189775,0.3124651809044317,0.23466606617236554,0.30451701735665954,0.20203723968477016,0.0,0.299547741519736,0.32478626510957337,0.2229778038849583,0.3367959674788604,0.39047987744148965,0.25750873382853023,0.30041358699013004,0.33654521101695434,0.31512045417363094,0.23848305383410226,0.4101059539249003,0.30853261495120304,0.37424568989549334
0.3210696999415847,0.33522811326834656,0.2242289137593003,0.29441094024750586,0.2272414217265934,0.2778579089904746,0.2824044906912941,0.3042848895211691,0.27231345201774226,0.3187597652432546,0.24646026690102643,0.2621349635166705,0.2755805059207517,0.3069852559415722,0.29229714763939163,0.25729705445483203,0.29430416416695615,0.34114704485691955,0.32913202942780573,0.30998252568453477,0.308012687689629,0.24352370576852675,0.2605884226066821,0.22287834150848448,0.3427446654619845,0.22107899381998714,0.22100187877857297,0.2617104566035378,0.2942234030737687,0.24239298069038737,0.34643084344589475,0.3197549905156675,0.29919941004983125,0.25126881813415375,0.3076141996987119,0.3037610398343888,0.27976073072809415,0.3249286172986063,0.2598785774122107,0.2822607853015721,0.30702340536953715,0.2544508760538478,0.3170169925295197,0.2931066726151971,0.28420677001224137,0.3169232502232888,0.3006678732199612,0.2475674153908656,0.31074113736943343,0.3160181018332752,0.35463963447247115,0.2903654879574823,0.40052990303395614,0.3244081756552753,0.3024350417939209,0.2810687810135,0.3517873499738215,0.26964441752101087,0.41061030079612304,0.3166208048560834,0.31409542097543924,0.29549699893347936,0.3413070763949057,0.2740591494422779,0.3657225585704224,0.3399059324703779,0.2630536404872975,0.2695399877219022,0.3075737436426017,0.3135342546776161,0.28952291553977494,0.33505347976759503,0.27033805650070936,0.3051455717808907,0.3353741759371644,0.366163779579975,0.25280000374302625,0.2766359971598894,0.31073930006265127,0.26221679747153337,0.3498201091137079,0.31181469999472305,0.3147781714440873,0.306070999862251,0.31713092244992813,0.29159622996887846,0.2838561781675931,0.4017330251423371,0.3532378162817157,0.23712593024059186,0.29037212903830617,0.32182848784878476,0.33668005117569894,0.360028273294312,0.3679228420174075,0.2745027030806543,0.3197772713619351,0.28570510025106366,0.2784469527972346,0.30697088250847177,0.30286632025804133,0.278488733722947,0.2961537271492786,0.28824904910882004,0.3510447248043013,0.25781899297221944,0.3214727673632237,0.2871474632470751,0.32101918503564675,0.24912052474213175,0.29308355609938236,0.2946460130564555,0.31440839281410365,0.29745045594194364,0.35775997019516326,0.2450466805589091,0.4401798878257306,0.26480188572411406,0.27054328915953374,0.27504607243704887,0.25781474610085336,0.30755758487935864,0.2670876095100147,0.3189747858448214,0.30004936215121064,0.2975005654788081,0.2829010229509787,0.23330909203012473,0.2946770730840343,0.3175588751835994,0.2887246533591834,0.2665473289664097,0.2639081574920115,0.29423497461109666,0.2511344314068324,0.3274748031025851,0.28564673880323693,0.27969899783632024,0.26163066632052195,0.3379754154358133,0.37219163080855705,0.30798119642284943,0.3853129737395205,0.32038322363920485,0.3019856021925346,0.2957941642114605,0.26967408244280067,0.3583857821565316,0.3281360804559513,0.2185984316783483,0.299547741519736,0.0,0.26662268481291634,0.23661998559622777,0.30786908680934016,0.2800471027468475,0.22044480960167465,0.26672433315117766,0.30224831442342515,0.3047368058930732,0.35791978064844676,0.3859258246062452,0.29752517930844935,0.25611940833403235
0.33746013227825694,0.28170995158675394,0.2687019067585001,0.30935835754841956,0.291203158276088,0.22666882141050365,0.2975967394070236,0.28690799347631,0.28386383845248037,0.2636880447630787,0.36480928556590936,0.29952803880459716,0.29567831788920756,0.27408945264838025,0.27728606165559877,0.325453418806523,0.3676901159639601,0.34819561499447893,0.3431957949912493,0.3326247834617319,0.36029512888260923,0.3288238840058504,0.3060457658141245,0.2981634616721625,0.3137459019021494,0.240621868975716,0.3047253341811957,0.3183533427142795,0.24501538475597803,0.3019040811223873,0.2866254456898287,0.3074504826541392,0.26415092330150225,0.2662845325359336,0.3076413106703474,0.35084469208775876,0.3153571089895972,0.3710002602343112,0.3470804574429186,0.3136008780146267,0.3041553041809631,0.28912887948053306,0.30531921726766237,0.2942497524820268,0.30290323062046726,0.3069752877935034,0.22689716754599001,0.28313492150820196,0.40413683349410534,0.379627074676506,0.34106499049434424,0.25681816627705295,0.2728859826495132,0.33208369979609076,0.3297701717278941,0.23507796462512318,0.3842733709325597,0.32218437089732105,0.33857063225934697,0.37489363435953527,0.2820359738608471,0.23301822418733703,0.2548339281870631,0.3127724081390836,0.27877148219330533,0.2715629392708447,0.28232508204094936,0.24243402319032223,0.35912473614975576,0.30664658804650546,0.28268083585730047,0.2976030576556993,0.28575554134010456,0.372753194315085,0.3461890366750648,0.23648957537032764,0.32641249827195246,0.27754934954115407,0.26823708330680723,0.20650214430463718,0.228184005872634,0.3161623512301412,0.27419397466487516,0.25706846344495815,0.31186544735848987,0.31630914432032364,0.2630250797953631,0.3211540942409541,0.2720760121291238,0.25685650749862216,0.37408725739435705,0.2718232607531254,0.36701194316830904,0.287244401159139,0.31702574970157166,0.2597251572765046,0.24935365578110438,0.2484701446847075,0.2485670338038883,0.2778477639458067,0.29961941100655126,0.33281341066605363,0.2724372129723195,0.25052916307825285,0.2858590060287493,0.27243246255110976,0.3271816674441506,0.3100813783163542,0.29161374533113693,0.2978119179751547,0.34623144580058607,0.33329078450526706,0.2610890998568848,0.32523362339656964,0.2647448007540266,0.2766270563616381,0.25312698930429034,0.35809172382622007,0.2673126174475918,0.25535495997580626,0.3325257003569958,0.2497668634878672,0.2677442918883447,0.2995117492780691,0.24135086562913627,0.2608358399689401,0.2792033395881169,0.2805356942021484,0.281289195701062,0.3102871698963871,0.2680520995059175,0.29788764092595066,0.2828680935518782,0.2908351635093887,0.3618591666477599,0.23912218527950557,0.2617964449292121,0.2986782859575801,0.3228483082194493,0.3980705035329418,0.22583152472040757,0.3189021815654459,0.33273892436243446,0.3249995111984607,0.3362369644571228,0.2868107522805552,0.29223702384840466,0.26933298256475735,0.27943023125205163,0.2530540145413281,0.32478626510957337,0.26662268481291634,0.0,0.26872562619476004,0.3208552139966953,0.30991237305744035,0.28527259522254694,0.2716388764811534,0.2458917104248589,0.2755778963877237,0.2316285516251239,0.26128485977901955,0.27158976773810795,0.35560312782340536
0.239620333051993,0.32336227918981014,0.32193285506101205,0.2633857019369522,0.258851423328564,0.25921032738699634,0.3039144754231824,0.292824651054622,0.25758920105207445,0.29981746088316485,0.26778090820203293,0.28591690234043393,0.28847801698238407,0.263512773862268,0.2894986623431829,0.3067387863011524,0.28767574587175593,0.2524463083994871,0.23474063271280976,0.23665323930350962,0.32824450827968976,0.33084568468694375,0.2728480284451736,0.3151349528821699,0.289082248261816,0.28234370626850874,0.26288826995017045,0.21969767564862566,0.2773591597873378,0.2959938951532513,0.25972795802839904,0.2728751482420675,0.2860596013614747,0.2175841864922819,0.23651215871636957,0.29040617839371347,0.2949803793932275,0.2841826357242954,0.26682267944539423,0.35275792394761735,0.3341281502209704,0.27937164913745827,0.2654891552781297,0.27670262144714913,0.30342768269364956,0.2910791853174134,0.30463438354870037,0.2616529523972599,0.28421795649015463,0.2745152727537946,0.29245076868297365,0.2683927212684267,0.22174579698935967,0.3100194236961808,0.2698149367453825,0.30398921635317316,0.25772814708061015,0.2899131137816086,0.28390353487124664,0.28020590556096353,0.2455550845782294,0.24879993453735846,0.24754767828317795,0.24596507069404255,0.2302071432284233,0.23096333030313718,0.274081715869743,0.29681343903470186,0.27266699488205876,0.262868282356313,0.2906514107906985,0.25290496394975576,0.22398822918640113,0.3177550507570121,0.2479105392678519,0.21260147558974107,0.29368310920806306,0.3217551054052974,0.24852529696537656,0.21693725559322163,0.26946911340375634,0.2618558451352962,0.3506097583644423,0.23700848319910847,0.26305384743415533,0.3090589574104086,0.23251803274680435,0.24617234747222166,0.23928069586727696,0.293178241060041,0.2963311159176578,0.2589070607415372,0.2997074321677337,0.21983205495303615,0.2806963319770388,0.3015225967664407,0.21567289673109938,0.26370340521460744,0.21268119268862587,0.2593783276773868,0.23820640007397717,0.27867551032007726,0.23612120640339826,0.27314446360402445,0.2353641016955363,0.33004208057572115,0.2774310462799709,0.2788805259072758,0.3594202507589563,0.3384742489402058,0.25582187249032434,0.25747494817055033,0.24285832129551482,0.24082615172364757,0.23990326678371038,0.30422760244126923,0.22316557877309182,0.2601067905746725,0.28317353718987265,0.22225987223330101,0.30145565201419655,0.2528248260088206,0.23428213971974263,0.30906816374738383,0.21686085603119018,0.29647681286433025,0.2649542186258058,0.345303378340357,0.28656382444455003,0.3251409870306375,0.2933108511540725,0.29794003366229943,0.22302817727635588,0.2189260619201718,0.2615420863211881,0.2468722349599809,0.2888466271012877,0.31049591883439515,0.304401374842655,0.31096368825571374,0.22770921620145007,0.2816879685002663,0.2890238490982762,0.25137227529009165,0.296464088070962,0.25576433099681634,0.31861027138369896,0.31733413629906004,0.3000155762906711,0.22049731672343084,0.2229778038849583,0.23661998559622777,0.26872562619476004,0.0,0.3149051680773754,0.2868171828040179,0.2834240838210438,0.34333231742894255,0.2337222680241514,0.2413189716835581,0.26206028257554875,0.22776436403053235,0.2697255563150232,0.2539180629786254
0.3291470417499269,0.3192872244474277,0.3076158904989308,0.34195468737705614,0.27788884099683264,0.32705740987123577,0.3552958252541923,0.3682823629354829,0.2764646472790652,0.3271745977424402,0.3016205671874596,0.3899421223471439,0.31209413694870825,0.2512500636243241,0.3252421077752463,0.3444871546470585,0.33585866153103744,0.30456990026451836,0.37238429995298733,0.29864453286368126,0.4732986559571369,0.3091711029801492,0.3048454095840078,0.308394642301073,0.477095911722031,0.31089282427216103,0.24937216781499302,0.276099741995378,0.2635000087470162,0.26646221464770703,0.3562780874739133,0.3472293468932216,0.32764562521699886,0.351182282707622,0.3119512245491363,0.3509265394481962,0.3594927202669452,0.3409907228896571,0.3070199503841588,0.3354829205676177,0.3422049868503569,0.34590756679293294,0.3414240800856439,0.4028649055493955,0.3678847368977582,0.3409732961998669,0.2842730828856721,0.32254843948223133,0.3821177076978784,0.3166507553141817,0.3499099220956788,0.3534884590078113,0.23202969983138516,0.3823864866696476,0.34677791625008675,0.3206784639698803,0.34362216335979234,0.41152702570643995,0.3092676779304952,0.28485620293566066,0.2861576836114777,0.2583836438715336,0.3065555230156289,0.27717533406662426,0.27438023840481723,0.3003111249669336,0.313571100907816,0.30042549182178524,0.31235138956989705,0.3753703620326834,0.323542079665508,0.26806363944181716,0.29739015759810916,0.37568614020226104,0.32929991047497364,0.25367704206968056,0.3035749994813314,0.32487385320914386,0.31697872607317973,0.2354596618107774,0.3064399910097029,0.3478016046382197,0.3228832783866924,0.2857241269838482,0.38173700783594305,0.36780773425432534,0.3229903632951529,0.2842139193013946,0.31292142871421885,0.297644050083614,0.36634289805657055,0.3738134592777364,0.30049892312749077,0.2639456858163839,0.3275725114196147,0.3908480323765739,0.24330144751594474,0.4363067367760829,0.23915048841897582,0.33087849832941235,0.2739726484880844,0.3745637421813946,0.3725938260995288,0.3952522219099449,0.29142763508575675,0.34435610420541474,0.3585092252544565,0.39767488456891137,0.3253870100620876,0.3731191677895584,0.4218681315299988,0.3318258084039584,0.330943659448162,0.3003812075614428,0.3012114514707608,0.3065492088555403,0.30967605238690177,0.32954411945058987,0.3793241239756526,0.29121652615744387,0.29546274817063434,0.32402313284288753,0.31498664658535896,0.3628611095409521,0.2446263915727074,0.3373694916902836,0.28041907754461365,0.3116175802597978,0.3889385668799006,0.29199113347962874,0.2904568949335836,0.3050110630365363,0.2549884243129784,0.2880809721064939,0.3495761055538507,0.25435674819664256,0.2851219859928091,0.3369288622380704,0.3385232312880227,0.3787943427053872,0.27553307813519323,0.35063199521756666,0.33814816882023613,0.29853933663048043,0.40437636657370357,0.41103145426609927,0.3370294035150677,0.3168362668479778,0.38605745990670715,0.24653050673149765,0.3367959674788604,0.30786908680934016,0.3208552139966953,0.3149051680773754,0.0,0.3593340152264311,0.2644396372326233,0.4021166511363485,0.24845574725218672,0.3020963132329099,0.28617222785654867,0.2883217174342652,0.3172531262979885,0.3242769171382661
0.3716963988898494,0.33523035738164203,0.2789524299336794,0.31674390434101224,0.2618416327534698,0.2832733860885596,0.3154302983734476,0.3568714004889356,0.33569195450456246,0.31679837633009317,0.30804681557661445,0.2661110102113857,0.3645818731470037,0.31681465481143567,0.3383503545910178,0.31104176186938515,0.28364754487445204,0.35612674379767595,0.27754753453273673,0.3471867627501151,0.3368024387863578,0.3402514426060465,0.2774040042574633,0.3165774212073339,0.38290646132169537,0.2844673115381662,0.25438276677529753,0.2705614953691649,0.25088335498555436,0.2536396629675723,0.39990523894484176,0.30236148457965034,0.3051655027279435,0.2853352764164822,0.347045387929039,0.31145430511050914,0.4652677175517775,0.378008039270467,0.318784434229311,0.3120746136753842,0.27711237967101016,0.3061577255766985,0.3331514091885953,0.3404435629279707,0.4315143016366358,0.3345304901150971,0.2506798361942164,0.3215414705810823,0.35512948578984854,0.31244366811928764,0.34905775193318117,0.26168544802000454,0.26766682733805663,0.3404413781969725,0.315394848523406,0.3352110010498329,0.32810208466912516,0.28286094889167424,0.36423062811456625,0.31594223715990866,0.36723053400741523,0.25763387557558304,0.2710487639415236,0.2523466944516414,0.3151674939739221,0.3341118647685496,0.4490049366143018,0.42243905042119273,0.31719498297106796,0.42957780233071774,0.40346192391580105,0.32259621013530937,0.29806627665706187,0.3711239620431553,0.30744338455905323,0.29829522672349024,0.32400024343127554,0.2799204063631707,0.3405376335621412,0.2545443710294341,0.28971909002360857,0.3855217454583593,0.34342922715170693,0.3207999987246519,0.3166638067166097,0.3871691064644794,0.38629191526494544,0.34756099052280826,0.31042165977770436,0.39600745974745744,0.31052016105269165,0.3445159993718203,0.2854510615653436,0.30459836503964743,0.35595433641684715,0.36377017171773646,0.29141033154342233,0.2949377849595027,0.24985325558278684,0.32716750893685786,0.37682071123633043,0.35073452673773303,0.29502416394959985,0.29905452448052006,0.31073040617508363,0.3247972716097444,0.3052852204604983,0.3248166292557121,0.31669249616817996,0.3538276416195534,0.30122907829617024,0.30755230230963243,0.3744179271289598,0.3101187532291094,0.2917923870097828,0.27379790226962203,0.27455415215977536,0.2935260114748698,0.2636711737715421,0.2604048313674242,0.29673928120109055,0.31323061981670536,0.3018118041385384,0.38597292913518033,0.30578243298070523,0.3116037360770274,0.2875705105729034,0.3339207886729744,0.2869221273994492,0.34059118260444915,0.28549029042340635,0.2943742711997183,0.35779858138918713,0.30085220194462997,0.4257866918031028,0.2989518546709077,0.2999201770242189,0.3162296665980384,0.330901192722724,0.42483988394031863,0.3035038600437528,0.3116399297070664,0.37020512137911876,0.2889810704546728,0.38815655123495146,0.33149813108221343,0.32144183659941755,0.299798581331248,0.33317759941772995,0.2001456183741989,0.39047987744148965,0.2800471027468475,0.30991237305744035,0.2868171828040179,0.3593340152264311,0.0,0.333885472496858,0.36189884284141116,0.29654308714759064,0.28932680158921376,0.28657561578579266,0.33707682364991703,0.31553666372603567,0.3448026695410334
0.3064187199927311,0.28973314698031377,0.28197528547431816,0.27872396310408687,0.21688363508826008,0.2620634600916565,0.3064562867078655,0.2624334137146264,0.2381279758397023,0.26098856274369403,0.304801478322037,0.2500826424830025,0.37858224112774214,0.2666350320967268,0.2997283183053172,0.2833846178313658,0.2874409750279813,0.2867891400705865,0.2735033302929979,0.2873424373251643,0.2880437357267299,0.3166569035295179,0.305594890606189,0.32592596161319914,0.2947882759487151,0.23712943595778885,0.2707183606876678,0.3034304425491465,0.26738798131766545,0.2696633212292092,0.24982532038317506,0.30223810026541365,0.26510931127516973,0.25006078635352363,0.2527037826252785,0.22646007541927285,0.3570377608895171,0.2737456314236599,0.2444502367309966,0.3558706432354238,0.2585705698024515,0.26888145581200434,0.24767010090896338,0.24684088395894602,0.2935804216148493,0.2868578706766863,0.2122632154657274,0.25561748056796496,0.3321035582630135,0.27385545863687527,0.3007905076053367,0.23797788624817287,0.21645964129137846,0.28161431694111905,0.2603208101584755,0.2430426491609238,0.3055758401516508,0.24105048604601878,0.2900474532120423,0.2980432962261208,0.27991586054060513,0.20748858373503484,0.2426258488531203,0.19871017699705457,0.22753721764206955,0.24905634653199005,0.30002656619876766,0.2929732713374864,0.2529155027129094,0.2965500550044008,0.2789718215874106,0.24109206059693544,0.24120259438678435,0.379171735181324,0.2581738839643808,0.24628785687724422,0.3080403610726035,0.25068959331968166,0.22995591059902232,0.2363215179835866,0.2348351414586213,0.2529448015106555,0.2852306152386318,0.250818467814637,0.24013212266813216,0.3121980978168558,0.2614149356159996,0.25110749968539986,0.2568351135521166,0.25983317822622237,0.25605563540516324,0.21756101731566577,0.272022848287687,0.2731406733143787,0.25852849200144673,0.25003433614123227,0.2015712912164613,0.21469580127141355,0.1872747499037833,0.27104406882416443,0.2541923516623578,0.25831886787241914,0.20566713691915997,0.2145392225935462,0.2353909269583759,0.2697785785131259,0.2519501593873216,0.2535496181362497,0.297210050813258,0.3236598512071917,0.27800864228429506,0.22296318186409023,0.2875063706886611,0.23663466951873652,0.24137531591233075,0.30036752670805167,0.23026862842681253,0.30226947088688016,0.24076419212253256,0.20255802364034214,0.2534004005179461,0.20790394243641286,0.25755799946945623,0.3147471109888905,0.22454552915478673,0.27931830694544435,0.22665384295572494,0.26014327307620505,0.22992972121409,0.2839229476679817,0.23208143694053904,0.2719424798164977,0.28308045115945435,0.2266318143970771,0.2733429143930763,0.2287947119410326,0.25491970161399286,0.2773910420601825,0.2815381927387553,0.29027703963258755,0.22702920089976808,0.25766163198892167,0.27774199670050037,0.22053174875529452,0.27189992910164357,0.22967099313208328,0.25563176490116035,0.2523481424163951,0.25810260113581,0.17424815268371988,0.25750873382853023,0.22044480960167465,0.28527259522254694,0.2834240838210438,0.2644396372326233,0.333885472496858,0.0,0.28836025073372645,0.2621078367108883,0.30229459150328697,0.22581412736894266,0.24867019097917414,0.21358171341195123,0.3006397050449161
0.3069047816648839,0.33138648017879485,0.3580620124863403,0.30633989669261913,0.29105644503809364,0.3484334442721507,0.34010868219048335,0.34039743991433596,0.2710348062448782,0.3545632677334187,0.3145972591319771,0.32933666646846443,0.35439999029902586,0.2554373086553839,0.3181273305558751,0.39133363779281755,0.3477481655149749,0.2796982760040788,0.26960680503931944,0.2687056587660728,0.38802932152127173,0.32410559721130794,0.27106550444841143,0.35882048100259323,0.36936948636258493,0.33670982326004584,0.24725258181828977,0.29077445638487387,0.2756461823828866,0.320738928007108,0.32926558236517633,0.31455535919519867,0.29225863572946204,0.28470127876554185,0.29715529024518356,0.27850563656076566,0.4115932251125921,0.2975804119182747,0.27627604830491986,0.33272505714361905,0.3018123743744084,0.32914239015505675,0.29961081334880585,0.3954338726175902,0.3450915374673641,0.3086070387374125,0.30564919840457333,0.35090431699104724,0.3311970506197426,0.26783772784552284,0.353744027218772,0.33428168453962254,0.21768190534088427,0.36055194543040486,0.3037079169286751,0.33803903943899416,0.2883783068561048,0.35513390412192214,0.28807598076692015,0.2727393128703433,0.3017304072800589,0.23236370366955353,0.2907885743901074,0.21500847325473676,0.23258803789760246,0.2701414363888277,0.3111208415317813,0.3732624417252499,0.2591199035881539,0.3504492385055404,0.3339440618701521,0.260754309691021,0.2585436998307702,0.4017368406196316,0.2944438057640964,0.2459406224308025,0.34688324366932505,0.3677784731146568,0.2745602862016343,0.2920966402517965,0.33179387834250584,0.2888929915192158,0.4687209450456904,0.28625715185335215,0.28649842183421936,0.3482442366561733,0.29484714068505063,0.26248573054206803,0.301658688904669,0.31129290064260623,0.35377145793898224,0.290165378813874,0.29448203700239817,0.2502030178631365,0.2859219516135214,0.36867792565938295,0.21632994737696376,0.31495281778578166,0.20626026837669778,0.3420019533071021,0.2790825691805099,0.2887180200746304,0.26967618421925127,0.27273652045957414,0.2516114811566041,0.3671654209266138,0.3112325453828974,0.3759084937085667,0.31864828759205455,0.39203542613260856,0.35097227760945315,0.25573388698429705,0.3259908174117955,0.27648456368707713,0.27555489369367503,0.3725746405467556,0.2771652953311142,0.2624648294083161,0.3344354696810805,0.2577569906958796,0.31318723971426743,0.28578390911435936,0.2586526772090467,0.447632149110884,0.22905928569838924,0.35726399780022083,0.2597406404387924,0.35118827442481676,0.3215313333630567,0.2805666723834286,0.29436057079175065,0.3385085085710289,0.26150568416944003,0.2548294472529462,0.278371315829385,0.24940414600834102,0.3172053642378635,0.3056946731259372,0.2725131094460055,0.33336836899026284,0.2565140096979876,0.2855554972475882,0.3090475496788107,0.24065232277889784,0.35261736256611564,0.3114964910509382,0.35646550932528964,0.353236474859666,0.30566852042551157,0.2013704451494377,0.30041358699013004,0.26672433315117766,0.2716388764811534,0.34333231742894255,0.4021166511363485,0.36189884284141116,0.28836025073372645,0.0,0.2530918529650557,0.3158116674096405,0.2847322663511392,0.2812228996861766,0.25999332301723704,0.33220825078396726
0.2943822092718453,0.28985907840593206,0.20074348003719414,0.34804563166449093,0.2168848070212018,0.2308251419194723,0.3049839461312241,0.24372209337536338,0.27685225927981244,0.2574982322980731,0.2582141172359223,0.22378361590979903,0.26805963397880056,0.35552700513146346,0.28095388385222547,0.2282692446714705,0.2429954472347258,0.27595571014825654,0.23979747267223808,0.2785375633062759,0.24150687855669903,0.25257616875871597,0.2504668295158352,0.2798822518743514,0.28490842825229595,0.24542286825435566,0.2612080716064454,0.257923833552819,0.2993821284325645,0.20324410004759103,0.2958582209303531,0.2386568099168041,0.33663073686888795,0.2303864322491032,0.3632669867439513,0.26842016984215444,0.28711209000126875,0.28283376782010355,0.24674088370072675,0.3424175631375871,0.29247390855998934,0.21905736770613304,0.2323862316392723,0.31351409940241226,0.27584241287756905,0.2407429834171041,0.19951854044466577,0.25583319945764005,0.30054796028268566,0.25759786318735417,0.28541363742407017,0.25048378344384437,0.25046573651931175,0.30542524413874544,0.28632484108675926,0.2669444447304644,0.27381200392200045,0.21536682713793537,0.3225329667683068,0.2724784452094712,0.28565580360103254,0.2175684678573601,0.21985206238607619,0.24629231987250796,0.25302140454620087,0.2336211223179346,0.3313470708161149,0.24715815042165892,0.2327825475488878,0.2621870571298078,0.26603144224478964,0.3501061519055069,0.28455406556040885,0.2748473846006448,0.22965998129669218,0.27116167865880425,0.23987955175532732,0.2554977819635509,0.24337194967447265,0.24307933149298044,0.23539349639752008,0.28572327320619784,0.2550142253774748,0.2582902934180097,0.2727199968607365,0.2688204077858068,0.26625979274429656,0.3255628558273593,0.2592570827610284,0.25829921145926366,0.2615906569340373,0.31072855503047225,0.280235494029745,0.2690783763359637,0.31986696262066966,0.2868046264057517,0.22473934843377233,0.2525934275298211,0.26024580563144906,0.29526015352481905,0.37604054053688163,0.22248016752480215,0.2817537838865569,0.24843090838763496,0.27590467418240705,0.22045852342702452,0.22158088778427656,0.24342926932078848,0.2690404544451288,0.23662947329201361,0.2576664379434393,0.26810816781055946,0.3185107708838026,0.2584099307691225,0.26891342824799985,0.25325849798428496,0.2706809068416866,0.2298533646092386,0.2625240366345077,0.263860153027437,0.2729978024508604,0.2749512567001193,0.26037303906252157,0.281287005575822,0.34239591290758875,0.2786988687619924,0.24671648943360072,0.21864698067202878,0.26313768780242036,0.30398113676159844,0.22954619377950142,0.21222982006307833,0.3126757207894445,0.29671949940961395,0.25754512309998545,0.24956735351068646,0.23784556391301492,0.36632326751893896,0.2926372767843213,0.2788151909626381,0.3517551410727771,0.25177656078050364,0.33638647449397313,0.2574202450610185,0.2801820301537887,0.2664313493836395,0.24302825811643697,0.2297647798619034,0.24753883661837164,0.17516119594215596,0.33654521101695434,0.30224831442342515,0.2458917104248589,0.2337222680241514,0.24845574725218672,0.29654308714759064,0.2621078367108883,0.2530918529650557,0.0,0.2799515177651788,0.24051734707298122,0.35566151342823554,0.25647446759517484,0.28476467662073907
0.3298106806414933,0.2824070309975717,0.25757931824236796,0.28979099796012975,0.2287636548241509,0.2935567866806012,0.2881643465570284,0.2889324943968554,0.2850641382313156,0.28884625463437535,0.27610989549405396,0.27226984831948786,0.3240604050250564,0.29827138454037155,0.2481883417785806,0.3363256331589996,0.3469820346686218,0.2862914328766657,0.3019935294325991,0.2761015769361992,0.33525446995510244,0.25663583235629306,0.2793986849524904,0.2391217989155625,0.31658150159982307,0.2910295942843216,0.25351470564341894,0.32273231517060974,0.2838448507254624,0.3085358150122915,0.3031506141719291,0.4128024616912122,0.25370441646198993,0.3172486365063729,0.2941855600528944,0.28188240431047884,0.32556491083836886,0.34999045849661303,0.2795909061091439,0.3342709062887401,0.26873913117338427,0.29460822100020373,0.29134173171392597,0.2995409750613966,0.2856109216101698,0.2900026263210925,0.25421428342929964,0.25688408386233785,0.36189012466208864,0.31911850942540915,0.38003078377516925,0.31356495280117186,0.269017812589119,0.3122897556137395,0.3467796179645359,0.33155056937068544,0.38184540095182506,0.2838549781873712,0.2919803677631189,0.31304050892705076,0.2949386631860429,0.30918761952700186,0.30215777846234937,0.24428284839818096,0.2766575043996528,0.29986163111973213,0.29105362181288,0.275813522789352,0.2558143358481406,0.30976253615293914,0.3291004393052005,0.3102365622637902,0.341201452223673,0.38796344768031105,0.3213185885824362,0.3194724811376586,0.35618444196949,0.2876623684542922,0.2876068654607173,0.3546024488974369,0.30855328093534257,0.30936863025731,0.30836519101739235,0.30573857731508375,0.38809644368705837,0.32182564596104746,0.29369292217432685,0.35959353942494826,0.34144606084930174,0.27216761801584555,0.3339247037680876,0.2738786160243729,0.361831653539422,0.3506554218040401,0.36802755855087216,0.2648681944044755,0.24685105519092157,0.26613111511263043,0.2854272774963183,0.33613893747870544,0.30304317148017385,0.301424224591646,0.281921859214188,0.22476735047430477,0.334382847185825,0.3064261737496508,0.3213209518903505,0.2780994664472096,0.2848199732620456,0.25671858381381557,0.3246148518433327,0.3395811769434594,0.39264708257231756,0.3326154630855334,0.31928549752451724,0.33893448568735135,0.3079441875284295,0.32734699975289167,0.2958950931833682,0.30873618183219576,0.31836418562067054,0.325059232041939,0.30354603851607204,0.35917854294676294,0.3061572730453533,0.297819200503938,0.36081068351011736,0.2535685615938022,0.2983641640100084,0.27695798449109726,0.2977122708396765,0.3282191406042124,0.36003905933601743,0.31483656666095056,0.2437973135431836,0.2639685524090553,0.2589564178727154,0.30213910430235674,0.24197582547029853,0.3389751936562392,0.2281151003470069,0.3488759938684684,0.3532856485846568,0.29221077662306505,0.3361421079923095,0.29280624862713794,0.2836421250539906,0.28647330869578974,0.29520980341291997,0.2272192477477607,0.31512045417363094,0.3047368058930732,0.2755778963877237,0.2413189716835581,0.3020963132329099,0.28932680158921376,0.30229459150328697,0.3158116674096405,0.2799515177651788,0.0,0.2587376624447914,0.3454069356465451,0.2907520460011507,0.3197540246515049
0.2601457813832947,0.29788777426212004,0.26965431125712774,0.27084345108381813,0.207894411996604,0.24233863659162477,0.2544285149847204,0.27844421115876383,0.22345659057577077,0.3258649620636244,0.22480701236004172,0.20015340966522696,0.2909994545212507,0.2864473843253564,0.27843181557833374,0.23582211590808652,0.2792049587265805,0.32418706391448116,0.24066706300885388,0.2432953753884423,0.2825918934639235,0.24771429090350713,0.2480483998729559,0.23910511860677175,0.26871269748211024,0.2598064749410823,0.21532566604493913,0.2581758566778901,0.2510633952599719,0.20107831582869387,0.25828589491458354,0.2672866103536671,0.2757975395211093,0.2275336122655687,0.24865545257269558,0.26266497119816906,0.26107773008857554,0.2955370957946253,0.2206535359003614,0.2800033460063075,0.3182960297924134,0.25211934325589574,0.2771369465597954,0.25521864698152275,0.2851405446368805,0.3164526228087082,0.2884759643276658,0.22329349169931062,0.2876717144207068,0.26377089093543155,0.2810092668953699,0.2767037016519303,0.30628881504704253,0.27889717808281617,0.2446353943070935,0.2839731942043682,0.2707987079627581,0.2146565459896049,0.35310258783744636,0.2781601304770044,0.29371084422567767,0.2651977811365299,0.29034000556456907,0.23708389590135845,0.3109361916602462,0.3329750541387335,0.2754744237730435,0.2861107859379342,0.3100625517639764,0.28876626773812497,0.2856057487177269,0.29201595131260377,0.24261191659732792,0.30984637680709815,0.3162773483811967,0.33030955362889386,0.25115330110652373,0.2609109142679329,0.31777413574174623,0.2528155865021057,0.4118903664804204,0.2630408472386453,0.2780146672182132,0.3523396150737949,0.2692742970037557,0.30907533582493124,0.24614352150464647,0.27445990088222916,0.31195721733688114,0.24651956176943746,0.23620179264191227,0.24268553199376305,0.2606883159267496,0.2914133572784092,0.29373424421765487,0.25149104562988955,0.27797399526261335,0.2797461159794035,0.2329265227639124,0.3252868150184751,0.26918124591178627,0.2589158710757957,0.24707888348677,0.26432338312973225,0.2700703987883987,0.27553452008710355,0.3047481295552768,0.28741181241594826,0.34121664333295415,0.24830775459198887,0.24117822158051969,0.24796950325542388,0.28758959691471714,0.25460667930153374,0.3295634218308221,0.2619582545592567,0.3314649951298619,0.22024357399776504,0.262126811697508,0.2605566513173492,0.23725538729630416,0.2781146983348857,0.24675447929954253,0.2939131693036001,0.24003428774869556,0.278705239132421,0.26689995222889606,0.22782216727373003,0.2879664505133579,0.36641580878495084,0.2779435320112056,0.27901256011783865,0.23594514434385994,0.2353924292722819,0.2533476959780403,0.32326728697022955,0.2514021099957297,0.27687186148393717,0.2508331560350983,0.27952259115034694,0.33821375792608427,0.25542440253700344,0.27595471135483596,0.24855921405301507,0.2886343297832886,0.24366768378735387,0.2371623945094661,0.38598881254781187,0.2806251259043415,0.21663388716156373,0.23848305383410226,0.35791978064844676,0.2316285516251239,0.26206028257554875,0.28617222785654867,0.28657561578579266,0.22581412736894266,0.2847322663511392,0.24051734707298122,0.2587376624447914,0.0,0.2781620572872865,0.31206310391337655,0.2329225528642387
0.39870646605563903,0.3477274383564384,0.2254488166784731,0.27913227232371557,0.2323232086534711,0.30628652403493056,0.26169354152291857,0.3068714920056464,0.34469313567826215,0.31047953396966005,0.2688562244078112,0.2463543720391466,0.29922989769889163,0.3595317808115161,0.2547592974181037,0.26674646965510274,0.29708001876502466,0.3331704354326771,0.32051199741713987,0.3714556003403776,0.30438970940121945,0.24406520172275242,0.263636274797284,0.24315243270815423,0.3508776062718913,0.26034131900028806,0.23507378287821035,0.28930832946648155,0.29864253996964396,0.258161383616174,0.3640267278004182,0.3451655665794472,0.27437460921436596,0.27352832367860996,0.4313615714438293,0.3049830288147485,0.3195088221382329,0.36279639131307356,0.24216564947896177,0.2995128489281313,0.29848917541877296,0.2962445762093386,0.29894526892223733,0.32299091171816424,0.3064552424306864,0.27402033147306065,0.2754189922316879,0.27455232125014567,0.32377049180651435,0.32559491753007525,0.34287375227372036,0.3149254051115416,0.3115740855390632,0.29481609424271443,0.2883146594670213,0.37137215293395986,0.363289670988315,0.2706175907660243,0.3802254339071821,0.3188731621037009,0.3165167932999355,0.2878950283861094,0.2890512606168107,0.28451366712064485,0.3178781629537024,0.31075910504537857,0.32553439256369465,0.2900961698235389,0.28429019518729354,0.33903813895017615,0.33242098760679323,0.4077336862939039,0.39085998185544035,0.3102470519680944,0.31321074614227723,0.3889589687347939,0.2398549189722977,0.2639201028465288,0.30716979545530343,0.3324392706232251,0.3178066411919752,0.345569054768703,0.29736467829451657,0.32578495485468856,0.38642644820495886,0.341098928677215,0.3716725552925826,0.4169915127549111,0.32694279523760456,0.2865469022514427,0.32836373513030276,0.3733028809954648,0.3092711331797991,0.3483640058953416,0.3695229759412294,0.28448363256415987,0.28924071103602017,0.33137651383033434,0.35382493005536414,0.3571789897837941,0.34160906266908775,0.26427567262578117,0.3348380561691133,0.27820677213140765,0.417200572522033,0.27027373196415566,0.2785596252605141,0.30201821235632514,0.28805754526013644,0.26761397603280623,0.286959394487524,0.35098412084459396,0.41813633590142274,0.32162789593203434,0.32197378307325003,0.300873100062829,0.4158700011458281,0.2602030156175463,0.2772653600618026,0.32412897461008394,0.3076801637719013,0.32377350760942386,0.40284069540189743,0.318278946363668,0.4569785860679409,0.2906056967784126,0.3219848802426085,0.23093319532219117,0.2996725507805546,0.30968175050151814,0.339992975778282,0.2902414549641502,0.3407118466266121,0.3810649866021022,0.2843875130034636,0.27898826627696527,0.28460020647677,0.33114612154692963,0.2733788486756994,0.33525805297379063,0.2913764149142835,0.34115394409528715,0.399804955469031,0.3187098951739386,0.3489613823580171,0.35616276146136044,0.2667801303043814,0.24941053169043234,0.3405971425040041,0.22780210090947633,0.4101059539249003,0.3859258246062452,0.26128485977901955,0.22776436403053235,0.2883217174342652,0.33707682364991703,0.24867019097917414,0.2812228996861766,0.35566151342823554,0.3454069356465451,0.2781620572872865,0.0,0.3356881223006901,0.33015679461156233
0.2503249379900181,0.24644386557865425,0.23506459251545106,0.29845326611242534,0.24019329813417908,0.23236358508184307,0.2766361812581441,0.27572505224290295,0.3179679107006989,0.2676474362896779,0.22087264827607755,0.23051902751835837,0.23406348268678592,0.30567533622975857,0.2348373281939035,0.24338870744559057,0.25706233859670674,0.27031775546451975,0.24967329800679006,0.2526645523777748,0.2996116067080389,0.232669843865263,0.268955496289971,0.21769940283204472,0.28263015641931966,0.27456641199556403,0.2536695300046599,0.2359408525788223,0.21873530927934023,0.24244555133234402,0.2819219265532375,0.27177708303338893,0.2402975815937655,0.26588236853524194,0.270223412735675,0.29547034231189834,0.2609406615813425,0.3223375374931916,0.26307513235576235,0.266618787573301,0.26820527183718773,0.3212860092852314,0.27109700824916777,0.26218894589260144,0.26394941657754906,0.28049869255754484,0.26189209816438275,0.22887981761135154,0.28173241467328236,0.2834535069703247,0.2944174198281038,0.26105271761078064,0.2777638365976603,0.25618509035148535,0.24395286543936548,0.35311325888336664,0.2908033934033166,0.26834088873682876,0.32070055564332406,0.2738061653563887,0.2622787706641685,0.332044722673939,0.24898555684158133,0.3145550572489743,0.3195365295057819,0.2958544605971924,0.3572988339261939,0.27342134753496705,0.2936388774209797,0.2830227796010653,0.3032251521443532,0.3139673006893232,0.3527233039720531,0.2864290034987148,0.26831121925091345,0.28680234790654424,0.286152818778363,0.26954152036339096,0.2910683396765386,0.2753116078028124,0.31610132524820506,0.3590312681383945,0.25454938928990367,0.2660125963491861,0.3895639591817726,0.28595936946605893,0.32602164499938485,0.36050318466189396,0.2854710005385045,0.3126586620291899,0.30114786100465746,0.38636359332534986,0.2464141333610885,0.26085781825309656,0.3954836005409718,0.25955336903817994,0.30664486011255193,0.3565937419317704,0.38575132267338547,0.29112481801130025,0.30472425461455344,0.3268615536997821,0.4149042527002181,0.2863388823808333,0.3248197105549431,0.2747870930675798,0.29893282244820407,0.28161370801952784,0.2772759610106307,0.2537114210659385,0.2695177751840194,0.36965376551553963,0.33421199082792397,0.4005000112912058,0.24685825301855002,0.2329378536838186,0.2948201677258938,0.24578309035928816,0.25522425600672866,0.3683328585103377,0.28418641097006914,0.3967403431411975,0.31070596590524213,0.27325440376042415,0.3462240823518659,0.22552137634152375,0.3942018148700591,0.24485314122426116,0.267547599013036,0.3013880656766139,0.3174772890216371,0.31253713072814243,0.3013588966730604,0.3269475708037106,0.2841903004587903,0.2693365223495702,0.21498582336747432,0.26409728313602915,0.2605807880591665,0.33788848089237944,0.24766735698910597,0.3283918652525584,0.3665262100958045,0.4058963956548348,0.32301885140956005,0.32529188065475856,0.2809781681727889,0.2859048702130156,0.2799850645869131,0.2711998987301407,0.30853261495120304,0.29752517930844935,0.27158976773810795,0.2697255563150232,0.3172531262979885,0.31553666372603567,0.21358171341195123,0.25999332301723704,0.25647446759517484,0.2907520460011507,0.31206310391337655,0.3356881223006901,0.0,0.2666833595262424
0.42237162510420106,0.2897982376789634,0.2915412722557593,0.3021831142124514,0.3548569862601663,0.271240441842261,0.33223574280241974,0.27107439466354954,0.3095133397202403,0.270787132330113,0.41848776169802,0.3064747054099793,0.31150601014393003,0.27880742714369,0.2926351316161744,0.3270716424420301,0.35209681276750715,0.3500190326694479,0.27812047548573016,0.3300670866655533,0.3728621261242407,0.3631468356343576,0.29029216444353445,0.3396939351074614,0.3314242938189303,0.316755601234315,0.2476109615651496,0.2829636935757142,0.27112708397681334,0.2735931235057827,0.29138816909757564,0.29040952044222657,0.2563157607020191,0.27630606495059434,0.36066557517295567,0.300527505411685,0.3825951326303951,0.3258908538732426,0.32943860850485435,0.3424712122502468,0.28155899725892586,0.3707368009243901,0.3091793410084399,0.38135417811186545,0.2771327007744263,0.2810596654116636,0.2395487596941867,0.34490015576896693,0.3663969824528083,0.31315077419820087,0.37028717138049533,0.313696724802355,0.24724655786762856,0.3096191618706912,0.29889089487531123,0.28665599413924114,0.34542213855783116,0.3336179938683185,0.3075276295275381,0.2842383582428387,0.2691983185276592,0.22324064536440189,0.28865817138680533,0.2693401986815992,0.2816217619992297,0.269206170898946,0.33978481332968524,0.31689639133581365,0.2638240305101196,0.3373954785907479,0.3757141925447119,0.28879751497567224,0.36290243883547235,0.3713148636271908,0.2843288969934687,0.2608428733925158,0.3235909197962585,0.3202068989088689,0.2631252372625013,0.25877920750559813,0.2843334512342854,0.35550433956740013,0.32241379721396274,0.25846933102856506,0.3225961612759658,0.3134059129066554,0.31265740433923844,0.29007269995324847,0.252397747663043,0.30848402097164784,0.4425759991851371,0.2786085758504799,0.3387421454280609,0.2901770158960207,0.3539707009372172,0.2969471163267324,0.20875670652958575,0.2517997370758418,0.2774404738701949,0.29735560094506497,0.29866165422753643,0.2663180047222605,0.28262290475676904,0.2376666193279814,0.2827600596245139,0.28045134235558605,0.25310440061592254,0.32439222908691634,0.28419721429162054,0.3526875488474334,0.3771245187925525,0.3473165357887251,0.31635220504716305,0.29594813362352984,0.2792509956297368,0.3610680467798188,0.2604614980398512,0.3065617599291045,0.3111105026630751,0.3073774870022525,0.38261152781026514,0.2537986683561662,0.31143619191176997,0.36457328779433185,0.2930477709444419,0.2856012706133591,0.2710840536702372,0.2810572135045483,0.26806240596193937,0.2761162989460096,0.2498827452443234,0.29652399913736427,0.29165531173209897,0.387519448848254,0.33493102102127686,0.2710597329028421,0.2929253160480154,0.31953320888409403,0.28458209547229346,0.33096259514510074,0.2338881425303267,0.3094115195577081,0.3428938852382298,0.2886018590816931,0.39691793631728034,0.3337749120487906,0.33838301401210985,0.26785939125369673,0.2794871451655232,0.21040191354142557,0.37424568989549334,0.25611940833403235,0.35560312782340536,0.2539180629786254,0.3242769171382661,0.3448026695410334,0.3006397050449161,0.33220825078396726,0.28476467662073907,0.3197540246515049,0.2329225528642387,0.33015679461156233,0.2666833595262424,0.0
